1 	 0.0 	 3.141592653589793 	 0.0
2 	 0.0 	 3.141592653589793 	 0.0
3 	 0.004 	 3.137592653589793 	 0.003997999499749843
4 	 0.008 	 3.133592653589793 	 0.0056511945639837954
5 	 0.012 	 3.129592653589793 	 0.006917803119488152
6 	 0.016 	 3.125592653589793 	 0.007983983967919776
7 	 0.016 	 3.125592653589793 	 0.007983983967919776
8 	 0.02 	 3.121592653589793 	 0.008921883209278185
9 	 0.024 	 3.117592653589793 	 0.009768520870633384
10 	 0.028 	 3.113592653589793 	 0.010545899677125702
11 	 0.032 	 3.109592653589793 	 0.011268362791461766
12 	 0.036 	 3.105592653589793 	 0.011945877950155025
13 	 0.04 	 3.101592653589793 	 0.01258570617804182
14 	 0.044 	 3.097592653589793 	 0.01319333164898086
15 	 0.048 	 3.093592653589793 	 0.0137730170986607
16 	 0.052 	 3.089592653589793 	 0.014328154103023877
17 	 0.056 	 3.085592653589793 	 0.014861493868383488
18 	 0.06 	 3.081592653589793 	 0.015375304875026056
19 	 0.064 	 3.077592653589793 	 0.015871483862575673
20 	 0.068 	 3.073592653589793 	 0.016351636003776503
21 	 0.072 	 3.069592653589793 	 0.016817134119700657
22 	 0.072 	 3.069592653589793 	 0.016817134119700657
23 	 0.072 	 3.069592653589793 	 0.016817134119700657
24 	 0.076 	 3.065592653589793 	 0.017269163268670545
25 	 0.08 	 3.061592653589793 	 0.017708754896942923
26 	 0.084 	 3.057592653589793 	 0.018136813391552552
27 	 0.088 	 3.053592653589793 	 0.018554137004991634
28 	 0.092 	 3.049592653589793 	 0.0189614345448861
29 	 0.096 	 3.045592653589793 	 0.019359338831685342
30 	 0.1 	 3.041592653589793 	 0.019748417658131498
31 	 0.104 	 3.037592653589793 	 0.020129182795136022
32 	 0.108 	 3.033592653589793 	 0.02050209745367532
33 	 0.108 	 3.033592653589793 	 0.02050209745367532
34 	 0.112 	 3.029592653589793 	 0.020867582514512793
35 	 0.112 	 3.029592653589793 	 0.020867582514512793
36 	 0.112 	 3.029592653589793 	 0.020867582514512793
37 	 0.112 	 3.029592653589793 	 0.020867582514512793
38 	 0.116 	 3.025592653589793 	 0.021226021765747814
39 	 0.12 	 3.021592653589793 	 0.021577766334817883
40 	 0.124 	 3.017592653589793 	 0.02192313846145209
41 	 0.124 	 3.017592653589793 	 0.02192313846145209
42 	 0.128 	 3.013592653589793 	 0.022262434727585392
43 	 0.128 	 3.013592653589793 	 0.022262434727585392
44 	 0.132 	 3.009592653589793 	 0.022595928836850236
45 	 0.136 	 3.005592653589793 	 0.022923874018149725
46 	 0.14 	 3.001592653589793 	 0.023246505113672464
47 	 0.144 	 2.997592653589793 	 0.02356404040057647
48 	 0.148 	 2.993592653589793 	 0.023876683186740993
49 	 0.152 	 2.989592653589793 	 0.024184623213934924
50 	 0.152 	 2.989592653589793 	 0.024184623213934924
51 	 0.156 	 2.985592653589793 	 0.02448803789608306
52 	 0.16 	 2.981592653589793 	 0.024787093415727466
53 	 0.164 	 2.977592653589793 	 0.025081945698051417
54 	 0.168 	 2.973592653589793 	 0.025372741278781842
55 	 0.172 	 2.969592653589793 	 0.025659618079776632
56 	 0.176 	 2.965592653589793 	 0.025942706104028546
57 	 0.18 	 2.961592653589793 	 0.02622212806009459
58 	 0.184 	 2.957592653589793 	 0.026497999924522606
59 	 0.188 	 2.953592653589793 	 0.026770431449642345
60 	 0.188 	 2.953592653589793 	 0.026770431449642345
61 	 0.192 	 2.949592653589793 	 0.02703952662307534
62 	 0.196 	 2.945592653589793 	 0.02730538408446217
63 	 0.2 	 2.941592653589793 	 0.027568097504180444
64 	 0.2 	 2.941592653589793 	 0.027568097504180444
65 	 0.204 	 2.937592653589793 	 0.02782775592820952
66 	 0.204 	 2.937592653589793 	 0.02782775592820952
67 	 0.208 	 2.933592653589793 	 0.028084444092771353
68 	 0.212 	 2.929592653589793 	 0.02833824271192552
69 	 0.216 	 2.925592653589793 	 0.0285892287409087
70 	 0.22 	 2.921592653589793 	 0.028837475617675
71 	 0.224 	 2.917592653589793 	 0.029083053484804514
72 	 0.228 	 2.913592653589793 	 0.029326029393697335
73 	 0.232 	 2.909592653589793 	 0.029566467492752664
74 	 0.232 	 2.909592653589793 	 0.029566467492752664
75 	 0.236 	 2.9055926535897934 	 0.02980442920104326
76 	 0.24 	 2.901592653589793 	 0.03003997336882974
77 	 0.244 	 2.8975926535897933 	 0.030273156426114542
78 	 0.248 	 2.893592653589793 	 0.030504032520307867
79 	 0.248 	 2.893592653589793 	 0.030504032520307867
80 	 0.252 	 2.8895926535897933 	 0.030732653643966382
81 	 0.256 	 2.885592653589793 	 0.03095906975346643
82 	 0.26 	 2.8815926535897933 	 0.03118332887938682
83 	 0.264 	 2.877592653589793 	 0.03140547722929871
84 	 0.268 	 2.8735926535897933 	 0.031625559283592126
85 	 0.272 	 2.869592653589793 	 0.031843617884907485
86 	 0.276 	 2.8655926535897933 	 0.03205969432168685
87 	 0.28 	 2.861592653589793 	 0.0322738284063109
88 	 0.284 	 2.8575926535897933 	 0.03248605854824497
89 	 0.288 	 2.8535926535897933 	 0.03269642182257869
90 	 0.292 	 2.8495926535897933 	 0.03290495403430918
91 	 0.292 	 2.8495926535897933 	 0.03290495403430918
92 	 0.292 	 2.8495926535897933 	 0.03290495403430918
93 	 0.296 	 2.8455926535897933 	 0.03311168977868692
94 	 0.3 	 2.8415926535897933 	 0.033316662497915366
95 	 0.304 	 2.8375926535897933 	 0.03351990453447026
96 	 0.308 	 2.8335926535897933 	 0.03372144718128212
97 	 0.312 	 2.8295926535897933 	 0.033921320729004646
98 	 0.316 	 2.8255926535897933 	 0.03411955451057355
99 	 0.316 	 2.8255926535897933 	 0.03411955451057355
100 	 0.316 	 2.8255926535897933 	 0.03411955451057355
101 	 0.32 	 2.8215926535897933 	 0.03431617694324355
102 	 0.324 	 2.8175926535897933 	 0.03451121556827577
103 	 0.328 	 2.8135926535897933 	 0.03470469708843459
104 	 0.332 	 2.8095926535897933 	 0.03489664740343978
105 	 0.336 	 2.8055926535897933 	 0.03508709164350902
106 	 0.34 	 2.8015926535897933 	 0.03527605420111495
107 	 0.34 	 2.8015926535897933 	 0.03527605420111495
108 	 0.344 	 2.7975926535897933 	 0.035463558761071906
109 	 0.348 	 2.7935926535897933 	 0.03564962832905836
110 	 0.352 	 2.7895926535897932 	 0.03583428525867371
111 	 0.356 	 2.7855926535897932 	 0.03601755127712044
112 	 0.36 	 2.7815926535897932 	 0.036199447509596056
113 	 0.364 	 2.7775926535897932 	 0.03637999450247347
114 	 0.368 	 2.7735926535897932 	 0.03655921224534248
115 	 0.368 	 2.7735926535897932 	 0.03655921224534248
116 	 0.372 	 2.7695926535897932 	 0.03673712019198021
117 	 0.376 	 2.7655926535897932 	 0.036913737280313406
118 	 0.38 	 2.7615926535897932 	 0.03708908195143148
119 	 0.384 	 2.757592653589793 	 0.037263172167704674
120 	 0.388 	 2.753592653589793 	 0.03743602543005868
121 	 0.392 	 2.749592653589793 	 0.037607658794453026
122 	 0.396 	 2.745592653589793 	 0.03777808888760786
123 	 0.4 	 2.741592653589793 	 0.03794733192202055
124 	 0.404 	 2.737592653589793 	 0.03811540371031114
125 	 0.408 	 2.733592653589793 	 0.038282319678932725
126 	 0.412 	 2.729592653589793 	 0.03844809488128118
127 	 0.416 	 2.725592653589793 	 0.038612744010235796
128 	 0.42 	 2.721592653589793 	 0.03877628141016103
129 	 0.424 	 2.717592653589793 	 0.03893872108839735
130 	 0.428 	 2.713592653589793 	 0.03910007672626743
131 	 0.428 	 2.713592653589793 	 0.03910007672626743
132 	 0.432 	 2.709592653589793 	 0.03926036168962278
133 	 0.436 	 2.705592653589793 	 0.03941958903895372
134 	 0.44 	 2.701592653589793 	 0.03957777153908491
135 	 0.444 	 2.697592653589793 	 0.03973492166847696
136 	 0.444 	 2.697592653589793 	 0.03973492166847696
137 	 0.448 	 2.693592653589793 	 0.0398910516281534
138 	 0.452 	 2.689592653589793 	 0.04004617335027156
139 	 0.456 	 2.685592653589793 	 0.040200298506354405
140 	 0.46 	 2.681592653589793 	 0.04035343851519967
141 	 0.464 	 2.677592653589793 	 0.040505604550481654
142 	 0.468 	 2.673592653589793 	 0.04065680754806014
143 	 0.472 	 2.669592653589793 	 0.04080705821301016
144 	 0.476 	 2.665592653589793 	 0.04095636702638553
145 	 0.48 	 2.661592653589793 	 0.041104744251728415
146 	 0.484 	 2.657592653589793 	 0.041252199941336457
147 	 0.484 	 2.657592653589793 	 0.041252199941336457
148 	 0.488 	 2.653592653589793 	 0.04139874394229854
149 	 0.492 	 2.649592653589793 	 0.04154438590230935
150 	 0.496 	 2.645592653589793 	 0.04168913527527286
151 	 0.496 	 2.645592653589793 	 0.04168913527527286
152 	 0.5 	 2.641592653589793 	 0.04183300132670378
153 	 0.5 	 2.641592653589793 	 0.04183300132670378
154 	 0.504 	 2.637592653589793 	 0.04197599313893598
155 	 0.508 	 2.633592653589793 	 0.042118119616146206
156 	 0.508 	 2.633592653589793 	 0.042118119616146206
157 	 0.508 	 2.633592653589793 	 0.042118119616146206
158 	 0.508 	 2.633592653589793 	 0.042118119616146206
159 	 0.512 	 2.629592653589793 	 0.0422593894892011
160 	 0.516 	 2.625592653589793 	 0.04239981132033491
161 	 0.52 	 2.621592653589793 	 0.04253939350766534
162 	 0.524 	 2.617592653589793 	 0.04267814428955411
163 	 0.528 	 2.613592653589793 	 0.04281607174881881
164 	 0.532 	 2.609592653589793 	 0.04295318381680222
165 	 0.536 	 2.605592653589793 	 0.043089488277304945
166 	 0.54 	 2.601592653589793 	 0.043224992770386904
167 	 0.54 	 2.601592653589793 	 0.043224992770386904
168 	 0.544 	 2.597592653589793 	 0.043359704796043064
169 	 0.544 	 2.597592653589793 	 0.043359704796043064
170 	 0.548 	 2.593592653589793 	 0.043493631717758406
171 	 0.552 	 2.589592653589793 	 0.04362678076594696
172 	 0.556 	 2.585592653589793 	 0.043759159041279576
173 	 0.56 	 2.581592653589793 	 0.04389077351790465
174 	 0.564 	 2.577592653589793 	 0.04402163104656619
175 	 0.568 	 2.573592653589793 	 0.04415173835762302
176 	 0.572 	 2.569592653589793 	 0.044281102063973066
177 	 0.576 	 2.565592653589793 	 0.04440972866388625
178 	 0.58 	 2.561592653589793 	 0.04453762454374952
179 	 0.584 	 2.557592653589793 	 0.04466479598072737
180 	 0.588 	 2.553592653589793 	 0.044791249145340876
181 	 0.588 	 2.553592653589793 	 0.044791249145340876
182 	 0.592 	 2.549592653589793 	 0.044916990103968456
183 	 0.596 	 2.545592653589793 	 0.04504202482127108
184 	 0.6 	 2.541592653589793 	 0.04516635916254486
185 	 0.604 	 2.537592653589793 	 0.04528999889600352
186 	 0.608 	 2.533592653589793 	 0.04541294969499338
187 	 0.612 	 2.529592653589793 	 0.045535217140143296
188 	 0.616 	 2.525592653589793 	 0.045656806721451726
189 	 0.62 	 2.521592653589793 	 0.04577772384031342
190 	 0.62 	 2.521592653589793 	 0.04577772384031342
191 	 0.624 	 2.517592653589793 	 0.04589797381148759
192 	 0.628 	 2.513592653589793 	 0.04601756186500976
193 	 0.632 	 2.509592653589793 	 0.046136493148049296
194 	 0.636 	 2.505592653589793 	 0.046254772726714376
195 	 0.64 	 2.501592653589793 	 0.0463724055878062
196 	 0.644 	 2.497592653589793 	 0.046489396640524386
197 	 0.648 	 2.493592653589793 	 0.0466057507181249
198 	 0.648 	 2.493592653589793 	 0.0466057507181249
199 	 0.652 	 2.489592653589793 	 0.04672147257953242
200 	 0.656 	 2.485592653589793 	 0.04683656691090841
201 	 0.66 	 2.481592653589793 	 0.046951038327176536
202 	 0.664 	 2.477592653589793 	 0.047064891373506855
203 	 0.668 	 2.473592653589793 	 0.04717813052675996
204 	 0.672 	 2.469592653589793 	 0.04729076019689259
205 	 0.676 	 2.465592653589793 	 0.04740278472832583
206 	 0.68 	 2.461592653589793 	 0.047514208401277194
207 	 0.684 	 2.457592653589793 	 0.04762503543305769
208 	 0.688 	 2.4535926535897934 	 0.047735269979334985
209 	 0.692 	 2.449592653589793 	 0.047844916135363846
210 	 0.696 	 2.4455926535897934 	 0.04795397793718473
211 	 0.696 	 2.4455926535897934 	 0.04795397793718473
212 	 0.696 	 2.4455926535897934 	 0.04795397793718473
213 	 0.7 	 2.441592653589793 	 0.04806245936279166
214 	 0.704 	 2.4375926535897934 	 0.04817036433327031
215 	 0.708 	 2.433592653589793 	 0.04827769671390714
216 	 0.712 	 2.4295926535897934 	 0.04838446031527065
217 	 0.716 	 2.425592653589793 	 0.0484906588942654
218 	 0.716 	 2.425592653589793 	 0.0484906588942654
219 	 0.72 	 2.4215926535897934 	 0.04859629615515981
220 	 0.724 	 2.417592653589793 	 0.0487013757505884
221 	 0.728 	 2.4135926535897934 	 0.04880590128252935
222 	 0.732 	 2.409592653589793 	 0.048909876303258014
223 	 0.736 	 2.4055926535897934 	 0.04901330431627723
224 	 0.74 	 2.401592653589793 	 0.04911618877722497
225 	 0.744 	 2.3975926535897933 	 0.049218533094760146
226 	 0.744 	 2.3975926535897933 	 0.049218533094760146
227 	 0.748 	 2.393592653589793 	 0.04932034063142711
228 	 0.752 	 2.3895926535897933 	 0.04942161470449949
229 	 0.752 	 2.3895926535897933 	 0.04942161470449949
230 	 0.756 	 2.385592653589793 	 0.049522358586804004
231 	 0.76 	 2.3815926535897933 	 0.049622575507524795
232 	 0.764 	 2.377592653589793 	 0.04972226865298887
233 	 0.768 	 2.3735926535897933 	 0.04982144116743313
234 	 0.772 	 2.369592653589793 	 0.04992009615375355
235 	 0.776 	 2.3655926535897933 	 0.05001823667423713
236 	 0.78 	 2.361592653589793 	 0.050115865751276814
237 	 0.78 	 2.361592653589793 	 0.050115865751276814
238 	 0.78 	 2.361592653589793 	 0.050115865751276814
239 	 0.78 	 2.361592653589793 	 0.050115865751276814
240 	 0.784 	 2.3575926535897933 	 0.050212986368070166
241 	 0.788 	 2.353592653589793 	 0.05030960146930206
242 	 0.792 	 2.3495926535897933 	 0.05040571396181191
243 	 0.792 	 2.3495926535897933 	 0.05040571396181191
244 	 0.796 	 2.345592653589793 	 0.050501326715245806
245 	 0.8 	 2.3415926535897933 	 0.05059644256269408
246 	 0.8 	 2.3415926535897933 	 0.05059644256269408
247 	 0.804 	 2.337592653589793 	 0.05069106430131449
248 	 0.808 	 2.3335926535897933 	 0.050785194692941765
249 	 0.812 	 2.329592653589793 	 0.05087883646468343
250 	 0.816 	 2.3255926535897933 	 0.05097199230950268
251 	 0.82 	 2.3215926535897933 	 0.0510646648867884
252 	 0.824 	 2.3175926535897933 	 0.0511568568229128
253 	 0.828 	 2.3135926535897933 	 0.05124857071177693
254 	 0.832 	 2.3095926535897933 	 0.0513398091153444
255 	 0.836 	 2.3055926535897933 	 0.051430574564163674
256 	 0.84 	 2.3015926535897933 	 0.05152086955787916
257 	 0.844 	 2.2975926535897933 	 0.051610696565731404
258 	 0.848 	 2.2935926535897933 	 0.05170005802704674
259 	 0.852 	 2.2895926535897932 	 0.051788956351716535
260 	 0.856 	 2.2855926535897932 	 0.05187739392066645
261 	 0.856 	 2.2855926535897932 	 0.05187739392066645
262 	 0.86 	 2.2815926535897932 	 0.05196537308631585
263 	 0.864 	 2.2775926535897932 	 0.052052896173027684
264 	 0.864 	 2.2775926535897932 	 0.052052896173027684
265 	 0.868 	 2.2735926535897932 	 0.05213996547754898
266 	 0.868 	 2.2735926535897932 	 0.05213996547754898
267 	 0.872 	 2.2695926535897932 	 0.0522265832694424
268 	 0.876 	 2.2655926535897932 	 0.05231275179150873
269 	 0.88 	 2.2615926535897932 	 0.05239847326020101
270 	 0.884 	 2.257592653589793 	 0.052483749866029966
271 	 0.888 	 2.253592653589793 	 0.052568583773961425
272 	 0.892 	 2.249592653589793 	 0.05265297712380564
273 	 0.892 	 2.249592653589793 	 0.05265297712380564
274 	 0.892 	 2.249592653589793 	 0.05265297712380564
275 	 0.896 	 2.245592653589793 	 0.05273693203059882
276 	 0.9 	 2.241592653589793 	 0.05282045058497703
277 	 0.904 	 2.237592653589793 	 0.05290353485354263
278 	 0.904 	 2.237592653589793 	 0.05290353485354263
279 	 0.908 	 2.233592653589793 	 0.05298618687922353
280 	 0.908 	 2.233592653589793 	 0.05298618687922353
281 	 0.912 	 2.229592653589793 	 0.05306840868162527
282 	 0.912 	 2.229592653589793 	 0.05306840868162527
283 	 0.916 	 2.225592653589793 	 0.05315020225737622
284 	 0.92 	 2.221592653589793 	 0.053231569580466064
285 	 0.924 	 2.217592653589793 	 0.05331251260257765
286 	 0.928 	 2.213592653589793 	 0.05339303325341238
287 	 0.932 	 2.209592653589793 	 0.05347313344100942
288 	 0.936 	 2.205592653589793 	 0.05355281505205865
289 	 0.936 	 2.205592653589793 	 0.05355281505205865
290 	 0.94 	 2.201592653589793 	 0.05363207995220771
291 	 0.94 	 2.201592653589793 	 0.05363207995220771
292 	 0.944 	 2.197592653589793 	 0.053710929986363114
293 	 0.948 	 2.193592653589793 	 0.053789366978985724
294 	 0.948 	 2.193592653589793 	 0.053789366978985724
295 	 0.952 	 2.189592653589793 	 0.0538673927343806
296 	 0.956 	 2.185592653589793 	 0.05394500903698136
297 	 0.96 	 2.181592653589793 	 0.05402221765162923
298 	 0.96 	 2.181592653589793 	 0.05402221765162923
299 	 0.964 	 2.177592653589793 	 0.0540990203238469
300 	 0.964 	 2.177592653589793 	 0.0540990203238469
301 	 0.968 	 2.173592653589793 	 0.05417541878010727
302 	 0.972 	 2.169592653589793 	 0.054251414728097185
303 	 0.976 	 2.165592653589793 	 0.0543270098569763
304 	 0.98 	 2.161592653589793 	 0.05440220583763126
305 	 0.984 	 2.157592653589793 	 0.0544770043229251
306 	 0.988 	 2.153592653589793 	 0.05455140694794223
307 	 0.992 	 2.149592653589793 	 0.05462541533022884
308 	 0.996 	 2.145592653589793 	 0.05469903107002902
309 	 1.0 	 2.141592653589793 	 0.05477225575051661
310 	 1.0 	 2.141592653589793 	 0.05477225575051661
311 	 1.004 	 2.137592653589793 	 0.05484509093802289
312 	 1.008 	 2.133592653589793 	 0.05491753818226013
313 	 1.012 	 2.129592653589793 	 0.054989599016541296
314 	 1.016 	 2.125592653589793 	 0.05506127495799566
315 	 1.02 	 2.121592653589793 	 0.055132567507780735
316 	 1.02 	 2.121592653589793 	 0.055132567507780735
317 	 1.024 	 2.117592653589793 	 0.05520347815129043
318 	 1.028 	 2.113592653589793 	 0.05527400835835954
319 	 1.028 	 2.113592653589793 	 0.05527400835835954
320 	 1.028 	 2.113592653589793 	 0.05527400835835954
321 	 1.032 	 2.109592653589793 	 0.05534415958346463
322 	 1.036 	 2.105592653589793 	 0.055413933265921485
323 	 1.04 	 2.101592653589793 	 0.05548333083007905
324 	 1.044 	 2.097592653589793 	 0.05555235368551003
325 	 1.048 	 2.093592653589793 	 0.05562100322719827
326 	 1.052 	 2.089592653589793 	 0.055689280835722776
327 	 1.056 	 2.085592653589793 	 0.055757187877438726
328 	 1.056 	 2.085592653589793 	 0.055757187877438726
329 	 1.06 	 2.081592653589793 	 0.055824725704655284
330 	 1.06 	 2.081592653589793 	 0.055824725704655284
331 	 1.064 	 2.077592653589793 	 0.055891895655810424
332 	 1.068 	 2.073592653589793 	 0.05595869905564281
333 	 1.072 	 2.069592653589793 	 0.05602513721536075
334 	 1.076 	 2.065592653589793 	 0.056091211432808256
335 	 1.08 	 2.061592653589793 	 0.056156922992628436
336 	 1.084 	 2.057592653589793 	 0.056222273166424
337 	 1.088 	 2.053592653589793 	 0.05628726321291523
338 	 1.092 	 2.049592653589793 	 0.05635189437809522
339 	 1.096 	 2.045592653589793 	 0.05641616789538262
340 	 1.096 	 2.045592653589793 	 0.05641616789538262
341 	 1.1 	 2.041592653589793 	 0.056480084985771756
342 	 1.1 	 2.041592653589793 	 0.056480084985771756
343 	 1.104 	 2.037592653589793 	 0.056543646857980426
344 	 1.104 	 2.037592653589793 	 0.056543646857980426
345 	 1.108 	 2.033592653589793 	 0.05660685470859514
346 	 1.112 	 2.029592653589793 	 0.05666970972221404
347 	 1.116 	 2.025592653589793 	 0.05673221307158747
348 	 1.116 	 2.025592653589793 	 0.05673221307158747
349 	 1.12 	 2.021592653589793 	 0.056794365917756315
350 	 1.124 	 2.017592653589793 	 0.05685616941018802
351 	 1.128 	 2.013592653589793 	 0.056917624686910466
352 	 1.132 	 2.0095926535897934 	 0.056978732874643674
353 	 1.136 	 2.005592653589793 	 0.05703949508892939
354 	 1.14 	 2.0015926535897934 	 0.057099912434258604
355 	 1.14 	 2.0015926535897934 	 0.057099912434258604
356 	 1.144 	 1.9975926535897932 	 0.05715998600419702
357 	 1.148 	 1.9935926535897932 	 0.0572197168815086
358 	 1.152 	 1.9895926535897932 	 0.05727910613827698
359 	 1.156 	 1.9855926535897932 	 0.0573381548360252
360 	 1.16 	 1.9815926535897932 	 0.05739686402583332
361 	 1.164 	 1.9775926535897932 	 0.05745523474845438
362 	 1.168 	 1.9735926535897932 	 0.05751326803442837
363 	 1.172 	 1.9695926535897932 	 0.05757096490419455
364 	 1.176 	 1.9655926535897932 	 0.05762832636820195
365 	 1.176 	 1.9655926535897932 	 0.05762832636820195
366 	 1.18 	 1.9615926535897932 	 0.0576853534270182
367 	 1.184 	 1.9575926535897932 	 0.0577420470714366
368 	 1.188 	 1.9535926535897932 	 0.05779840828258162
369 	 1.192 	 1.9495926535897932 	 0.05785443803201271
370 	 1.192 	 1.9495926535897932 	 0.05785443803201271
371 	 1.196 	 1.9455926535897932 	 0.057910137281826576
372 	 1.2 	 1.9415926535897932 	 0.057965506984757754
373 	 1.204 	 1.9375926535897932 	 0.05802054808427787
374 	 1.208 	 1.9335926535897932 	 0.05807526151469315
375 	 1.212 	 1.9295926535897931 	 0.05812964820124065
376 	 1.216 	 1.9255926535897931 	 0.05818370906018281
377 	 1.22 	 1.9215926535897931 	 0.058237444998900836
378 	 1.224 	 1.9175926535897931 	 0.0582908569159864
379 	 1.228 	 1.9135926535897931 	 0.0583439457013322
380 	 1.228 	 1.9135926535897931 	 0.0583439457013322
381 	 1.232 	 1.9095926535897931 	 0.05839671223622097
382 	 1.232 	 1.9095926535897931 	 0.05839671223622097
383 	 1.236 	 1.9055926535897931 	 0.0584491573934133
384 	 1.236 	 1.9055926535897931 	 0.0584491573934133
385 	 1.24 	 1.9015926535897931 	 0.058501282037234016
386 	 1.244 	 1.8975926535897931 	 0.058553087023657434
387 	 1.248 	 1.8935926535897931 	 0.05860457320039111
388 	 1.252 	 1.8895926535897931 	 0.058655741406958624
389 	 1.256 	 1.885592653589793 	 0.05870659247478088
390 	 1.26 	 1.881592653589793 	 0.05875712722725644
391 	 1.264 	 1.877592653589793 	 0.05880734647984042
392 	 1.268 	 1.873592653589793 	 0.058857251040122495
393 	 1.272 	 1.869592653589793 	 0.0589068417079035
394 	 1.276 	 1.865592653589793 	 0.05895611927527117
395 	 1.28 	 1.861592653589793 	 0.059005084526674474
396 	 1.284 	 1.857592653589793 	 0.0590537382389972
397 	 1.288 	 1.853592653589793 	 0.05910208118163014
398 	 1.292 	 1.849592653589793 	 0.0591501141165425
399 	 1.296 	 1.845592653589793 	 0.05919783779835206
400 	 1.3 	 1.841592653589793 	 0.0592452529743945
401 	 1.304 	 1.837592653589793 	 0.05929236038479156
402 	 1.308 	 1.833592653589793 	 0.05933916076251838
403 	 1.312 	 1.829592653589793 	 0.05938565483346967
404 	 1.312 	 1.829592653589793 	 0.05938565483346967
405 	 1.316 	 1.825592653589793 	 0.05943184331652519
406 	 1.32 	 1.821592653589793 	 0.05947772692361401
407 	 1.324 	 1.817592653589793 	 0.0595233063597781
408 	 1.328 	 1.813592653589793 	 0.05956858232323479
409 	 1.332 	 1.809592653589793 	 0.05961355550543853
410 	 1.336 	 1.805592653589793 	 0.059658226591141644
411 	 1.34 	 1.801592653589793 	 0.059702596258454296
412 	 1.344 	 1.797592653589793 	 0.0597466651789035
413 	 1.348 	 1.793592653589793 	 0.05979043401749146
414 	 1.352 	 1.789592653589793 	 0.059833903432752904
415 	 1.356 	 1.785592653589793 	 0.05987707407681174
416 	 1.356 	 1.785592653589793 	 0.05987707407681174
417 	 1.356 	 1.785592653589793 	 0.05987707407681174
418 	 1.36 	 1.781592653589793 	 0.05991994659543681
419 	 1.364 	 1.777592653589793 	 0.059962521628097
420 	 1.368 	 1.773592653589793 	 0.06000479980801536
421 	 1.372 	 1.769592653589793 	 0.060046781762222695
422 	 1.376 	 1.7655926535897932 	 0.060088468111610234
423 	 1.376 	 1.7655926535897932 	 0.060088468111610234
424 	 1.38 	 1.7615926535897932 	 0.060129859470981636
425 	 1.384 	 1.7575926535897932 	 0.060170956449104245
426 	 1.384 	 1.7575926535897932 	 0.060170956449104245
427 	 1.388 	 1.7535926535897932 	 0.06021175964875964
428 	 1.388 	 1.7535926535897932 	 0.06021175964875964
429 	 1.392 	 1.7495926535897932 	 0.060252269666793465
430 	 1.392 	 1.7495926535897932 	 0.060252269666793465
431 	 1.396 	 1.7455926535897932 	 0.06029248709416456
432 	 1.4 	 1.7415926535897932 	 0.060332412515993424
433 	 1.404 	 1.7375926535897932 	 0.06037204651160999
434 	 1.408 	 1.7335926535897932 	 0.06041138965460073
435 	 1.412 	 1.7295926535897932 	 0.060450442512855106
436 	 1.412 	 1.7295926535897932 	 0.060450442512855106
437 	 1.416 	 1.7255926535897932 	 0.06048920564861139
438 	 1.42 	 1.7215926535897932 	 0.06052767961850181
439 	 1.424 	 1.7175926535897932 	 0.06056586497359713
440 	 1.428 	 1.7135926535897932 	 0.06060376225945053
441 	 1.432 	 1.7095926535897932 	 0.06064137201614092
442 	 1.432 	 1.7095926535897932 	 0.06064137201614092
443 	 1.432 	 1.7095926535897932 	 0.06064137201614092
444 	 1.436 	 1.7055926535897932 	 0.06067869477831572
445 	 1.44 	 1.7015926535897932 	 0.060715731075232884
446 	 1.444 	 1.6975926535897932 	 0.06075248143080248
447 	 1.448 	 1.6935926535897932 	 0.06078894636362765
448 	 1.448 	 1.6935926535897932 	 0.06078894636362765
449 	 1.452 	 1.6895926535897932 	 0.060825126387045014
450 	 1.452 	 1.6895926535897932 	 0.060825126387045014
451 	 1.456 	 1.6855926535897932 	 0.060861022009164455
452 	 1.46 	 1.6815926535897932 	 0.06089663373290843
453 	 1.46 	 1.6815926535897932 	 0.06089663373290843
454 	 1.464 	 1.6775926535897931 	 0.06093196205605068
455 	 1.468 	 1.6735926535897931 	 0.060967007471254483
456 	 1.472 	 1.6695926535897931 	 0.061001770466110244
457 	 1.472 	 1.6695926535897931 	 0.061001770466110244
458 	 1.472 	 1.6695926535897931 	 0.061001770466110244
459 	 1.476 	 1.6655926535897931 	 0.061036251523172685
460 	 1.48 	 1.6615926535897931 	 0.06107045111999747
461 	 1.484 	 1.6575926535897931 	 0.06110436972917731
462 	 1.488 	 1.6535926535897931 	 0.061138007818377596
463 	 1.488 	 1.6535926535897931 	 0.061138007818377596
464 	 1.492 	 1.6495926535897931 	 0.06117136585037153
465 	 1.496 	 1.6455926535897931 	 0.06120444428307474
466 	 1.5 	 1.6415926535897931 	 0.06123724356957945
467 	 1.504 	 1.6375926535897931 	 0.061269764158188175
468 	 1.508 	 1.633592653589793 	 0.06130200649244688
469 	 1.508 	 1.633592653589793 	 0.06130200649244688
470 	 1.508 	 1.633592653589793 	 0.06130200649244688
471 	 1.512 	 1.629592653589793 	 0.06133397101117781
472 	 1.516 	 1.625592653589793 	 0.0613656581485117
473 	 1.52 	 1.621592653589793 	 0.06139706833391966
474 	 1.524 	 1.617592653589793 	 0.06142820199224457
475 	 1.528 	 1.613592653589793 	 0.06145905954373204
476 	 1.532 	 1.609592653589793 	 0.061489641404060894
477 	 1.532 	 1.609592653589793 	 0.061489641404060894
478 	 1.536 	 1.605592653589793 	 0.06151994798437333
479 	 1.536 	 1.605592653589793 	 0.06151994798437333
480 	 1.54 	 1.601592653589793 	 0.06154997969130453
481 	 1.544 	 1.597592653589793 	 0.061579736927011956
482 	 1.548 	 1.593592653589793 	 0.06160922008920418
483 	 1.552 	 1.589592653589793 	 0.061638429571169315
484 	 1.556 	 1.585592653589793 	 0.06166736576180306
485 	 1.56 	 1.581592653589793 	 0.06169602904563632
486 	 1.564 	 1.577592653589793 	 0.06172441980286247
487 	 1.568 	 1.573592653589793 	 0.06175253840936419
488 	 1.568 	 1.573592653589793 	 0.06175253840936419
489 	 1.572 	 1.569592653589793 	 0.06178038523673999
490 	 1.576 	 1.565592653589793 	 0.06180796065233021
491 	 1.58 	 1.561592653589793 	 0.061835265019242865
492 	 1.584 	 1.557592653589793 	 0.06186229869637888
493 	 1.588 	 1.553592653589793 	 0.06188906203845716
494 	 1.588 	 1.553592653589793 	 0.06188906203845716
495 	 1.592 	 1.549592653589793 	 0.06191555539603921
496 	 1.596 	 1.545592653589793 	 0.06194177911555334
497 	 1.6 	 1.541592653589793 	 0.06196773353931867
498 	 1.604 	 1.537592653589793 	 0.061993419005568644
499 	 1.604 	 1.537592653589793 	 0.061993419005568644
500 	 1.608 	 1.533592653589793 	 0.06201883584847429
501 	 1.612 	 1.529592653589793 	 0.06204398439816708
502 	 1.612 	 1.529592653589793 	 0.06204398439816708
503 	 1.616 	 1.525592653589793 	 0.06206886498076149
504 	 1.616 	 1.525592653589793 	 0.06206886498076149
505 	 1.62 	 1.521592653589793 	 0.06209347791837722
506 	 1.624 	 1.517592653589793 	 0.0621178235291611
507 	 1.624 	 1.517592653589793 	 0.0621178235291611
508 	 1.624 	 1.517592653589793 	 0.0621178235291611
509 	 1.628 	 1.5135926535897932 	 0.062141902127308586
510 	 1.632 	 1.5095926535897932 	 0.06216571402308511
511 	 1.636 	 1.5055926535897932 	 0.06218925952284687
512 	 1.64 	 1.5015926535897932 	 0.06221253892906156
513 	 1.644 	 1.4975926535897932 	 0.06223555254032858
514 	 1.648 	 1.4935926535897932 	 0.06225830065139909
515 	 1.652 	 1.4895926535897932 	 0.0622807835531956
516 	 1.652 	 1.4895926535897932 	 0.0622807835531956
517 	 1.656 	 1.4855926535897932 	 0.06230300153283147
518 	 1.66 	 1.4815926535897932 	 0.062324954873629865
519 	 1.664 	 1.4775926535897932 	 0.06234664385514268
520 	 1.668 	 1.4735926535897932 	 0.06236806875316887
521 	 1.672 	 1.4695926535897932 	 0.062389229839772825
522 	 1.676 	 1.4655926535897932 	 0.06241012738330214
523 	 1.68 	 1.4615926535897932 	 0.06243076164840535
524 	 1.68 	 1.4615926535897932 	 0.06243076164840535
525 	 1.68 	 1.4615926535897932 	 0.06243076164840535
526 	 1.684 	 1.4575926535897932 	 0.06245113289604921
527 	 1.688 	 1.4535926535897932 	 0.06247124138353584
528 	 1.692 	 1.4495926535897932 	 0.06249108736451943
529 	 1.696 	 1.4455926535897932 	 0.06251067108902288
530 	 1.7 	 1.4415926535897932 	 0.06252999280345392
531 	 1.704 	 1.4375926535897932 	 0.06254905275062125
532 	 1.708 	 1.4335926535897932 	 0.0625678511697501
533 	 1.712 	 1.4295926535897931 	 0.06258638829649783
534 	 1.716 	 1.4255926535897931 	 0.06260466436296899
535 	 1.72 	 1.4215926535897931 	 0.06262267959773041
536 	 1.72 	 1.4215926535897931 	 0.06262267959773041
537 	 1.724 	 1.4175926535897931 	 0.06264043422582573
538 	 1.728 	 1.4135926535897931 	 0.06265792846878997
539 	 1.732 	 1.4095926535897931 	 0.06267516254466357
540 	 1.736 	 1.4055926535897931 	 0.06269213666800647
541 	 1.74 	 1.4015926535897931 	 0.0627088510499116
542 	 1.744 	 1.3975926535897931 	 0.06272530589801854
543 	 1.748 	 1.3935926535897931 	 0.06274150141652653
544 	 1.752 	 1.3895926535897931 	 0.06275743780620749
545 	 1.752 	 1.3895926535897931 	 0.06275743780620749
546 	 1.756 	 1.385592653589793 	 0.06277311526441873
547 	 1.76 	 1.381592653589793 	 0.06278853398511547
548 	 1.764 	 1.377592653589793 	 0.06280369415886299
549 	 1.764 	 1.377592653589793 	 0.06280369415886299
550 	 1.768 	 1.373592653589793 	 0.06281859597284868
551 	 1.772 	 1.369592653589793 	 0.06283323961089385
552 	 1.776 	 1.365592653589793 	 0.06284762525346523
553 	 1.78 	 1.361592653589793 	 0.06286175307768627
554 	 1.78 	 1.361592653589793 	 0.06286175307768627
555 	 1.784 	 1.357592653589793 	 0.06287562325734831
556 	 1.788 	 1.353592653589793 	 0.06288923596292134
557 	 1.792 	 1.349592653589793 	 0.06290259136156476
558 	 1.792 	 1.349592653589793 	 0.06290259136156476
559 	 1.796 	 1.345592653589793 	 0.06291568961713763
560 	 1.796 	 1.345592653589793 	 0.06291568961713763
561 	 1.8 	 1.341592653589793 	 0.0629285308902091
562 	 1.8 	 1.341592653589793 	 0.0629285308902091
563 	 1.8 	 1.341592653589793 	 0.0629285308902091
564 	 1.804 	 1.337592653589793 	 0.06294111533806816
565 	 1.808 	 1.333592653589793 	 0.06295344311473361
566 	 1.812 	 1.329592653589793 	 0.06296551437096341
567 	 1.816 	 1.325592653589793 	 0.06297732925426419
568 	 1.82 	 1.321592653589793 	 0.06298888790890025
569 	 1.82 	 1.321592653589793 	 0.06298888790890025
570 	 1.824 	 1.317592653589793 	 0.06300019047590254
571 	 1.828 	 1.313592653589793 	 0.0630112370930773
572 	 1.832 	 1.309592653589793 	 0.06302202789501461
573 	 1.836 	 1.305592653589793 	 0.06303256301309665
574 	 1.84 	 1.301592653589793 	 0.06304284257550574
575 	 1.844 	 1.297592653589793 	 0.06305286670723227
576 	 1.848 	 1.293592653589793 	 0.06306263553008232
577 	 1.852 	 1.289592653589793 	 0.06307214916268511
578 	 1.856 	 1.285592653589793 	 0.06308140772050035
579 	 1.86 	 1.281592653589793 	 0.06309041131582516
580 	 1.86 	 1.281592653589793 	 0.06309041131582516
581 	 1.864 	 1.277592653589793 	 0.06309916005780108
582 	 1.868 	 1.273592653589793 	 0.06310765405242061
583 	 1.872 	 1.269592653589793 	 0.06311589340253373
584 	 1.876 	 1.2655926535897932 	 0.06312387820785412
585 	 1.88 	 1.2615926535897932 	 0.0631316085649653
586 	 1.88 	 1.2615926535897932 	 0.0631316085649653
587 	 1.88 	 1.2615926535897932 	 0.0631316085649653
588 	 1.884 	 1.2575926535897932 	 0.06313908456732643
589 	 1.884 	 1.2575926535897932 	 0.06313908456732643
590 	 1.888 	 1.2535926535897932 	 0.06314630630527805
591 	 1.892 	 1.2495926535897932 	 0.06315327386604752
592 	 1.892 	 1.2495926535897932 	 0.06315327386604752
593 	 1.896 	 1.2455926535897932 	 0.06315998733375427
594 	 1.9 	 1.2415926535897932 	 0.06316644678941502
595 	 1.904 	 1.2375926535897932 	 0.0631726523109486
596 	 1.904 	 1.2375926535897932 	 0.0631726523109486
597 	 1.908 	 1.2335926535897932 	 0.06317860397318067
598 	 1.912 	 1.2295926535897932 	 0.06318430184784825
599 	 1.916 	 1.2255926535897932 	 0.0631897460036041
600 	 1.92 	 1.2215926535897932 	 0.0631949365060208
601 	 1.924 	 1.2175926535897932 	 0.06319987341759475
602 	 1.924 	 1.2175926535897932 	 0.06319987341759475
603 	 1.928 	 1.2135926535897932 	 0.06320455679774996
604 	 1.932 	 1.2095926535897932 	 0.06320898670284156
605 	 1.936 	 1.2055926535897932 	 0.06321316318615926
606 	 1.94 	 1.2015926535897932 	 0.06321708629793056
607 	 1.944 	 1.1975926535897932 	 0.06322075608532375
608 	 1.948 	 1.1935926535897932 	 0.06322417259245075
609 	 1.952 	 1.1895926535897932 	 0.06322733586036976
610 	 1.956 	 1.1855926535897932 	 0.06323024592708777
611 	 1.96 	 1.1815926535897932 	 0.0632329028275628
612 	 1.964 	 1.1775926535897931 	 0.06323530659370602
613 	 1.964 	 1.1775926535897931 	 0.06323530659370602
614 	 1.964 	 1.1775926535897931 	 0.06323530659370602
615 	 1.968 	 1.1735926535897931 	 0.06323745725438365
616 	 1.968 	 1.1735926535897931 	 0.06323745725438365
617 	 1.972 	 1.1695926535897931 	 0.06323935483541875
618 	 1.976 	 1.1655926535897931 	 0.06324099935959267
619 	 1.98 	 1.1615926535897931 	 0.06324239084664653
620 	 1.98 	 1.1615926535897931 	 0.06324239084664653
621 	 1.984 	 1.1575926535897931 	 0.06324352931328232
622 	 1.988 	 1.1535926535897931 	 0.06324441477316396
623 	 1.988 	 1.1535926535897931 	 0.06324441477316396
624 	 1.992 	 1.1495926535897931 	 0.06324504723691808
625 	 1.996 	 1.1455926535897931 	 0.06324542671213469
626 	 1.996 	 1.1455926535897931 	 0.06324542671213469
627 	 2.0 	 1.1415926535897931 	 0.06324555320336758
628 	 2.004 	 1.1375926535897931 	 0.06324542671213469
629 	 2.008 	 1.133592653589793 	 0.06324504723691808
630 	 2.012 	 1.129592653589793 	 0.06324441477316396
631 	 2.016 	 1.125592653589793 	 0.06324352931328232
632 	 2.02 	 1.121592653589793 	 0.06324239084664653
633 	 2.024 	 1.117592653589793 	 0.06324099935959267
634 	 2.028 	 1.113592653589793 	 0.06323935483541875
635 	 2.032 	 1.109592653589793 	 0.06323745725438365
636 	 2.032 	 1.109592653589793 	 0.06323745725438365
637 	 2.032 	 1.109592653589793 	 0.06323745725438365
638 	 2.036 	 1.105592653589793 	 0.06323530659370602
639 	 2.04 	 1.101592653589793 	 0.0632329028275628
640 	 2.044 	 1.097592653589793 	 0.06323024592708777
641 	 2.048 	 1.093592653589793 	 0.06322733586036976
642 	 2.048 	 1.093592653589793 	 0.06322733586036976
643 	 2.048 	 1.093592653589793 	 0.06322733586036976
644 	 2.052 	 1.089592653589793 	 0.06322417259245075
645 	 2.052 	 1.089592653589793 	 0.06322417259245075
646 	 2.056 	 1.085592653589793 	 0.06322075608532375
647 	 2.06 	 1.081592653589793 	 0.06321708629793056
648 	 2.06 	 1.081592653589793 	 0.06321708629793056
649 	 2.06 	 1.081592653589793 	 0.06321708629793056
650 	 2.06 	 1.081592653589793 	 0.06321708629793056
651 	 2.06 	 1.081592653589793 	 0.06321708629793056
652 	 2.064 	 1.077592653589793 	 0.06321316318615926
653 	 2.068 	 1.073592653589793 	 0.06320898670284156
654 	 2.072 	 1.069592653589793 	 0.06320455679774996
655 	 2.076 	 1.065592653589793 	 0.06319987341759475
656 	 2.08 	 1.061592653589793 	 0.0631949365060208
657 	 2.084 	 1.057592653589793 	 0.0631897460036041
658 	 2.088 	 1.053592653589793 	 0.06318430184784825
659 	 2.088 	 1.053592653589793 	 0.06318430184784825
660 	 2.092 	 1.049592653589793 	 0.06317860397318067
661 	 2.096 	 1.045592653589793 	 0.0631726523109486
662 	 2.1 	 1.041592653589793 	 0.06316644678941502
663 	 2.1 	 1.041592653589793 	 0.06316644678941502
664 	 2.104 	 1.037592653589793 	 0.06315998733375427
665 	 2.104 	 1.037592653589793 	 0.06315998733375427
666 	 2.108 	 1.033592653589793 	 0.06315327386604752
667 	 2.112 	 1.029592653589793 	 0.06314630630527805
668 	 2.116 	 1.025592653589793 	 0.06313908456732643
669 	 2.12 	 1.021592653589793 	 0.0631316085649653
670 	 2.12 	 1.021592653589793 	 0.0631316085649653
671 	 2.124 	 1.017592653589793 	 0.06312387820785412
672 	 2.124 	 1.017592653589793 	 0.06312387820785412
673 	 2.124 	 1.017592653589793 	 0.06312387820785412
674 	 2.124 	 1.017592653589793 	 0.06312387820785412
675 	 2.128 	 1.013592653589793 	 0.06311589340253372
676 	 2.132 	 1.009592653589793 	 0.06310765405242061
677 	 2.136 	 1.005592653589793 	 0.06309916005780108
678 	 2.14 	 1.001592653589793 	 0.06309041131582517
679 	 2.14 	 1.001592653589793 	 0.06309041131582517
680 	 2.14 	 1.001592653589793 	 0.06309041131582517
681 	 2.144 	 0.997592653589793 	 0.06308140772050033
682 	 2.148 	 0.993592653589793 	 0.06307214916268511
683 	 2.152 	 0.989592653589793 	 0.0630626355300823
684 	 2.156 	 0.985592653589793 	 0.06305286670723227
685 	 2.156 	 0.985592653589793 	 0.06305286670723227
686 	 2.16 	 0.981592653589793 	 0.06304284257550574
687 	 2.16 	 0.981592653589793 	 0.06304284257550574
688 	 2.164 	 0.977592653589793 	 0.06303256301309665
689 	 2.168 	 0.973592653589793 	 0.06302202789501461
690 	 2.172 	 0.969592653589793 	 0.0630112370930773
691 	 2.176 	 0.965592653589793 	 0.06300019047590252
692 	 2.18 	 0.961592653589793 	 0.06298888790890025
693 	 2.184 	 0.957592653589793 	 0.06297732925426419
694 	 2.184 	 0.957592653589793 	 0.06297732925426419
695 	 2.184 	 0.957592653589793 	 0.06297732925426419
696 	 2.188 	 0.953592653589793 	 0.06296551437096341
697 	 2.192 	 0.949592653589793 	 0.06295344311473361
698 	 2.196 	 0.9455926535897929 	 0.06294111533806816
699 	 2.2 	 0.9415926535897929 	 0.0629285308902091
700 	 2.204 	 0.9375926535897929 	 0.06291568961713763
701 	 2.208 	 0.9335926535897929 	 0.06290259136156474
702 	 2.212 	 0.9295926535897929 	 0.06288923596292136
703 	 2.212 	 0.9295926535897929 	 0.06288923596292136
704 	 2.216 	 0.9255926535897929 	 0.06287562325734831
705 	 2.22 	 0.9215926535897929 	 0.06286175307768628
706 	 2.22 	 0.9215926535897929 	 0.06286175307768628
707 	 2.22 	 0.9215926535897929 	 0.06286175307768628
708 	 2.224 	 0.9175926535897929 	 0.06284762525346523
709 	 2.228 	 0.9135926535897929 	 0.06283323961089385
710 	 2.228 	 0.9135926535897929 	 0.06283323961089385
711 	 2.232 	 0.9095926535897929 	 0.06281859597284868
712 	 2.236 	 0.9055926535897929 	 0.06280369415886299
713 	 2.236 	 0.9055926535897929 	 0.06280369415886299
714 	 2.24 	 0.9015926535897929 	 0.06278853398511547
715 	 2.244 	 0.8975926535897929 	 0.06277311526441873
716 	 2.248 	 0.8935926535897929 	 0.06275743780620748
717 	 2.252 	 0.8895926535897933 	 0.06274150141652653
718 	 2.256 	 0.8855926535897933 	 0.06272530589801854
719 	 2.26 	 0.8815926535897933 	 0.06270885104991161
720 	 2.264 	 0.8775926535897933 	 0.06269213666800647
721 	 2.268 	 0.8735926535897933 	 0.06267516254466358
722 	 2.272 	 0.8695926535897933 	 0.06265792846878997
723 	 2.276 	 0.8655926535897933 	 0.06264043422582574
724 	 2.28 	 0.8615926535897933 	 0.06262267959773041
725 	 2.284 	 0.8575926535897933 	 0.06260466436296899
726 	 2.288 	 0.8535926535897933 	 0.06258638829649783
727 	 2.292 	 0.8495926535897933 	 0.06256785116975011
728 	 2.296 	 0.8455926535897933 	 0.06254905275062125
729 	 2.3 	 0.8415926535897933 	 0.06252999280345393
730 	 2.304 	 0.8375926535897933 	 0.06251067108902286
731 	 2.308 	 0.8335926535897933 	 0.06249108736451943
732 	 2.312 	 0.8295926535897933 	 0.06247124138353583
733 	 2.316 	 0.8255926535897933 	 0.062451132896049213
734 	 2.32 	 0.8215926535897933 	 0.06243076164840535
735 	 2.324 	 0.8175926535897933 	 0.06241012738330215
736 	 2.328 	 0.8135926535897933 	 0.062389229839772825
737 	 2.328 	 0.8135926535897933 	 0.062389229839772825
738 	 2.332 	 0.8095926535897933 	 0.06236806875316887
739 	 2.336 	 0.8055926535897933 	 0.06234664385514267
740 	 2.34 	 0.8015926535897933 	 0.06232495487362987
741 	 2.34 	 0.8015926535897933 	 0.06232495487362987
742 	 2.34 	 0.8015926535897933 	 0.06232495487362987
743 	 2.344 	 0.7975926535897933 	 0.06230300153283147
744 	 2.348 	 0.7935926535897933 	 0.06228078355319561
745 	 2.348 	 0.7935926535897933 	 0.06228078355319561
746 	 2.352 	 0.7895926535897932 	 0.06225830065139908
747 	 2.356 	 0.7855926535897932 	 0.06223555254032859
748 	 2.356 	 0.7855926535897932 	 0.06223555254032859
749 	 2.36 	 0.7815926535897932 	 0.06221253892906156
750 	 2.364 	 0.7775926535897932 	 0.062189259522846874
751 	 2.368 	 0.7735926535897932 	 0.06216571402308511
752 	 2.372 	 0.7695926535897932 	 0.06214190212730859
753 	 2.372 	 0.7695926535897932 	 0.06214190212730859
754 	 2.376 	 0.7655926535897932 	 0.0621178235291611
755 	 2.38 	 0.7615926535897932 	 0.06209347791837722
756 	 2.384 	 0.7575926535897932 	 0.06206886498076149
757 	 2.384 	 0.7575926535897932 	 0.06206886498076149
758 	 2.388 	 0.7535926535897932 	 0.06204398439816708
759 	 2.392 	 0.7495926535897932 	 0.06201883584847429
760 	 2.396 	 0.7455926535897932 	 0.061993419005568644
761 	 2.4 	 0.7415926535897932 	 0.06196773353931867
762 	 2.404 	 0.7375926535897932 	 0.06194177911555334
763 	 2.408 	 0.7335926535897932 	 0.06191555539603921
764 	 2.408 	 0.7335926535897932 	 0.06191555539603921
765 	 2.412 	 0.7295926535897932 	 0.06188906203845716
766 	 2.416 	 0.7255926535897932 	 0.06186229869637888
767 	 2.42 	 0.7215926535897932 	 0.061835265019242865
768 	 2.424 	 0.7175926535897932 	 0.06180796065233021
769 	 2.428 	 0.7135926535897932 	 0.06178038523673999
770 	 2.432 	 0.7095926535897932 	 0.06175253840936419
771 	 2.436 	 0.7055926535897932 	 0.06172441980286247
772 	 2.44 	 0.7015926535897932 	 0.06169602904563632
773 	 2.44 	 0.7015926535897932 	 0.06169602904563632
774 	 2.444 	 0.6975926535897932 	 0.06166736576180306
775 	 2.448 	 0.6935926535897932 	 0.061638429571169315
776 	 2.452 	 0.6895926535897932 	 0.06160922008920418
777 	 2.456 	 0.6855926535897932 	 0.061579736927011956
778 	 2.46 	 0.6815926535897932 	 0.06154997969130453
779 	 2.464 	 0.6775926535897931 	 0.06151994798437333
780 	 2.468 	 0.6735926535897931 	 0.061489641404060894
781 	 2.468 	 0.6735926535897931 	 0.061489641404060894
782 	 2.472 	 0.6695926535897931 	 0.06145905954373204
783 	 2.476 	 0.6655926535897931 	 0.06142820199224457
784 	 2.48 	 0.6615926535897931 	 0.06139706833391966
785 	 2.484 	 0.6575926535897931 	 0.0613656581485117
786 	 2.488 	 0.6535926535897931 	 0.06133397101117781
787 	 2.488 	 0.6535926535897931 	 0.06133397101117781
788 	 2.492 	 0.6495926535897931 	 0.06130200649244688
789 	 2.496 	 0.6455926535897931 	 0.061269764158188175
790 	 2.5 	 0.6415926535897931 	 0.06123724356957945
791 	 2.504 	 0.6375926535897931 	 0.06120444428307474
792 	 2.508 	 0.6335926535897931 	 0.06117136585037153
793 	 2.512 	 0.6295926535897931 	 0.061138007818377596
794 	 2.516 	 0.6255926535897931 	 0.06110436972917731
795 	 2.52 	 0.6215926535897931 	 0.06107045111999747
796 	 2.524 	 0.6175926535897931 	 0.061036251523172685
797 	 2.528 	 0.6135926535897931 	 0.061001770466110244
798 	 2.532 	 0.6095926535897931 	 0.060967007471254483
799 	 2.536 	 0.6055926535897931 	 0.06093196205605068
800 	 2.54 	 0.6015926535897931 	 0.06089663373290843
801 	 2.544 	 0.5975926535897931 	 0.060861022009164455
802 	 2.548 	 0.5935926535897931 	 0.060825126387045014
803 	 2.552 	 0.5895926535897931 	 0.06078894636362765
804 	 2.556 	 0.5855926535897931 	 0.06075248143080248
805 	 2.56 	 0.5815926535897931 	 0.060715731075232884
806 	 2.564 	 0.5775926535897931 	 0.06067869477831572
807 	 2.568 	 0.5735926535897931 	 0.06064137201614092
808 	 2.568 	 0.5735926535897931 	 0.06064137201614092
809 	 2.572 	 0.569592653589793 	 0.06060376225945053
810 	 2.576 	 0.565592653589793 	 0.06056586497359713
811 	 2.58 	 0.561592653589793 	 0.06052767961850181
812 	 2.584 	 0.557592653589793 	 0.06048920564861139
813 	 2.584 	 0.557592653589793 	 0.06048920564861139
814 	 2.588 	 0.553592653589793 	 0.060450442512855106
815 	 2.592 	 0.549592653589793 	 0.06041138965460073
816 	 2.596 	 0.545592653589793 	 0.06037204651160999
817 	 2.6 	 0.541592653589793 	 0.060332412515993424
818 	 2.604 	 0.537592653589793 	 0.06029248709416456
819 	 2.608 	 0.533592653589793 	 0.060252269666793465
820 	 2.612 	 0.529592653589793 	 0.06021175964875964
821 	 2.616 	 0.525592653589793 	 0.060170956449104245
822 	 2.62 	 0.521592653589793 	 0.060129859470981636
823 	 2.624 	 0.517592653589793 	 0.060088468111610234
824 	 2.624 	 0.517592653589793 	 0.060088468111610234
825 	 2.628 	 0.513592653589793 	 0.060046781762222695
826 	 2.632 	 0.509592653589793 	 0.06000479980801536
827 	 2.636 	 0.505592653589793 	 0.059962521628096996
828 	 2.64 	 0.501592653589793 	 0.05991994659543681
829 	 2.644 	 0.497592653589793 	 0.05987707407681173
830 	 2.644 	 0.497592653589793 	 0.05987707407681173
831 	 2.648 	 0.493592653589793 	 0.059833903432752904
832 	 2.652 	 0.489592653589793 	 0.059790434017491456
833 	 2.652 	 0.489592653589793 	 0.059790434017491456
834 	 2.656 	 0.485592653589793 	 0.0597466651789035
835 	 2.656 	 0.485592653589793 	 0.0597466651789035
836 	 2.66 	 0.481592653589793 	 0.05970259625845429
837 	 2.664 	 0.47759265358979297 	 0.059658226591141644
838 	 2.668 	 0.47359265358979297 	 0.05961355550543852
839 	 2.672 	 0.46959265358979296 	 0.05956858232323479
840 	 2.676 	 0.46559265358979296 	 0.0595233063597781
841 	 2.68 	 0.46159265358979296 	 0.05947772692361401
842 	 2.68 	 0.46159265358979296 	 0.05947772692361401
843 	 2.684 	 0.45759265358979295 	 0.059431843316525186
844 	 2.684 	 0.45759265358979295 	 0.059431843316525186
845 	 2.688 	 0.45359265358979295 	 0.05938565483346967
846 	 2.692 	 0.44959265358979295 	 0.05933916076251837
847 	 2.696 	 0.44559265358979294 	 0.05929236038479156
848 	 2.696 	 0.44559265358979294 	 0.05929236038479156
849 	 2.7 	 0.44159265358979294 	 0.059245252974394494
850 	 2.704 	 0.43759265358979293 	 0.05919783779835206
851 	 2.708 	 0.43359265358979293 	 0.059150114116542495
852 	 2.712 	 0.4295926535897929 	 0.05910208118163014
853 	 2.716 	 0.4255926535897929 	 0.0590537382389972
854 	 2.72 	 0.4215926535897929 	 0.059005084526674474
855 	 2.724 	 0.4175926535897929 	 0.05895611927527116
856 	 2.724 	 0.4175926535897929 	 0.05895611927527116
857 	 2.728 	 0.4135926535897929 	 0.0589068417079035
858 	 2.728 	 0.4135926535897929 	 0.0589068417079035
859 	 2.732 	 0.4095926535897929 	 0.05885725104012249
860 	 2.736 	 0.4055926535897929 	 0.05880734647984042
861 	 2.74 	 0.4015926535897929 	 0.058757127227256435
862 	 2.744 	 0.3975926535897929 	 0.05870659247478088
863 	 2.748 	 0.3935926535897929 	 0.05865574140695862
864 	 2.752 	 0.38959265358979334 	 0.058604573200391114
865 	 2.756 	 0.38559265358979333 	 0.058553087023657434
866 	 2.756 	 0.38559265358979333 	 0.058553087023657434
867 	 2.76 	 0.38159265358979333 	 0.05850128203723402
868 	 2.764 	 0.3775926535897933 	 0.0584491573934133
869 	 2.768 	 0.3735926535897933 	 0.05839671223622098
870 	 2.772 	 0.3695926535897933 	 0.0583439457013322
871 	 2.776 	 0.3655926535897933 	 0.05829085691598641
872 	 2.78 	 0.3615926535897933 	 0.058237444998900836
873 	 2.784 	 0.3575926535897933 	 0.05818370906018282
874 	 2.788 	 0.3535926535897933 	 0.05812964820124065
875 	 2.792 	 0.3495926535897933 	 0.05807526151469316
876 	 2.796 	 0.3455926535897933 	 0.05802054808427787
877 	 2.8 	 0.3415926535897933 	 0.057965506984757754
878 	 2.8 	 0.3415926535897933 	 0.057965506984757754
879 	 2.8 	 0.3415926535897933 	 0.057965506984757754
880 	 2.804 	 0.3375926535897933 	 0.057910137281826576
881 	 2.808 	 0.3335926535897933 	 0.05785443803201272
882 	 2.808 	 0.3335926535897933 	 0.05785443803201272
883 	 2.812 	 0.3295926535897933 	 0.05779840828258162
884 	 2.816 	 0.3255926535897933 	 0.057742047071436604
885 	 2.82 	 0.3215926535897933 	 0.0576853534270182
886 	 2.82 	 0.3215926535897933 	 0.0576853534270182
887 	 2.824 	 0.3175926535897933 	 0.057628326368201956
888 	 2.828 	 0.31359265358979327 	 0.05757096490419455
889 	 2.832 	 0.30959265358979327 	 0.05751326803442837
890 	 2.832 	 0.30959265358979327 	 0.05751326803442837
891 	 2.836 	 0.30559265358979326 	 0.05745523474845438
892 	 2.836 	 0.30559265358979326 	 0.05745523474845438
893 	 2.84 	 0.30159265358979326 	 0.05739686402583333
894 	 2.844 	 0.29759265358979325 	 0.0573381548360252
895 	 2.848 	 0.29359265358979325 	 0.05727910613827698
896 	 2.852 	 0.28959265358979325 	 0.0572197168815086
897 	 2.856 	 0.28559265358979324 	 0.05715998600419703
898 	 2.856 	 0.28559265358979324 	 0.05715998600419703
899 	 2.86 	 0.28159265358979324 	 0.057099912434258604
900 	 2.864 	 0.27759265358979324 	 0.057039495088929394
901 	 2.868 	 0.27359265358979323 	 0.056978732874643674
902 	 2.872 	 0.26959265358979323 	 0.05691762468691047
903 	 2.876 	 0.2655926535897932 	 0.05685616941018802
904 	 2.88 	 0.2615926535897932 	 0.056794365917756315
905 	 2.884 	 0.2575926535897932 	 0.05673221307158747
906 	 2.888 	 0.2535926535897932 	 0.05666970972221404
907 	 2.892 	 0.2495926535897932 	 0.05660685470859514
908 	 2.896 	 0.2455926535897932 	 0.056543646857980426
909 	 2.896 	 0.2455926535897932 	 0.056543646857980426
910 	 2.9 	 0.2415926535897932 	 0.056480084985771756
911 	 2.9 	 0.2415926535897932 	 0.056480084985771756
912 	 2.904 	 0.2375926535897932 	 0.05641616789538262
913 	 2.908 	 0.2335926535897932 	 0.05635189437809522
914 	 2.908 	 0.2335926535897932 	 0.05635189437809522
915 	 2.908 	 0.2335926535897932 	 0.05635189437809522
916 	 2.912 	 0.2295926535897932 	 0.05628726321291523
917 	 2.916 	 0.2255926535897932 	 0.056222273166424
918 	 2.916 	 0.2255926535897932 	 0.056222273166424
919 	 2.92 	 0.2215926535897932 	 0.056156922992628436
920 	 2.924 	 0.21759265358979318 	 0.056091211432808256
921 	 2.928 	 0.21359265358979318 	 0.05602513721536075
922 	 2.928 	 0.21359265358979318 	 0.05602513721536075
923 	 2.928 	 0.21359265358979318 	 0.05602513721536075
924 	 2.932 	 0.20959265358979318 	 0.05595869905564281
925 	 2.936 	 0.20559265358979317 	 0.055891895655810424
926 	 2.94 	 0.20159265358979317 	 0.055824725704655284
927 	 2.94 	 0.20159265358979317 	 0.055824725704655284
928 	 2.944 	 0.19759265358979317 	 0.055757187877438726
929 	 2.948 	 0.19359265358979316 	 0.055689280835722776
930 	 2.952 	 0.18959265358979316 	 0.05562100322719827
931 	 2.956 	 0.18559265358979316 	 0.05555235368551003
932 	 2.96 	 0.18159265358979315 	 0.05548333083007905
933 	 2.964 	 0.17759265358979315 	 0.055413933265921485
934 	 2.964 	 0.17759265358979315 	 0.055413933265921485
935 	 2.968 	 0.17359265358979314 	 0.05534415958346463
936 	 2.972 	 0.16959265358979314 	 0.05527400835835954
937 	 2.976 	 0.16559265358979314 	 0.05520347815129043
938 	 2.976 	 0.16559265358979314 	 0.05520347815129043
939 	 2.976 	 0.16559265358979314 	 0.05520347815129043
940 	 2.98 	 0.16159265358979313 	 0.055132567507780735
941 	 2.984 	 0.15759265358979313 	 0.05506127495799566
942 	 2.988 	 0.15359265358979313 	 0.054989599016541296
943 	 2.992 	 0.14959265358979312 	 0.05491753818226013
944 	 2.996 	 0.14559265358979312 	 0.05484509093802289
945 	 3.0 	 0.14159265358979312 	 0.05477225575051661
946 	 3.004 	 0.1375926535897931 	 0.05469903107002902
947 	 3.008 	 0.1335926535897931 	 0.05462541533022884
948 	 3.012 	 0.1295926535897931 	 0.05455140694794223
949 	 3.016 	 0.1255926535897931 	 0.0544770043229251
950 	 3.02 	 0.1215926535897931 	 0.05440220583763126
951 	 3.024 	 0.1175926535897931 	 0.0543270098569763
952 	 3.028 	 0.11359265358979309 	 0.054251414728097185
953 	 3.028 	 0.11359265358979309 	 0.054251414728097185
954 	 3.032 	 0.10959265358979309 	 0.05417541878010727
955 	 3.032 	 0.10959265358979309 	 0.05417541878010727
956 	 3.036 	 0.10559265358979308 	 0.0540990203238469
957 	 3.04 	 0.10159265358979308 	 0.05402221765162923
958 	 3.044 	 0.09759265358979308 	 0.05394500903698136
959 	 3.048 	 0.09359265358979307 	 0.0538673927343806
960 	 3.052 	 0.08959265358979307 	 0.053789366978985724
961 	 3.052 	 0.08959265358979307 	 0.053789366978985724
962 	 3.056 	 0.08559265358979307 	 0.053710929986363114
963 	 3.056 	 0.08559265358979307 	 0.053710929986363114
964 	 3.056 	 0.08559265358979307 	 0.053710929986363114
965 	 3.06 	 0.08159265358979306 	 0.05363207995220771
966 	 3.064 	 0.07759265358979306 	 0.05355281505205865
967 	 3.068 	 0.07359265358979306 	 0.05347313344100942
968 	 3.068 	 0.07359265358979306 	 0.05347313344100942
969 	 3.068 	 0.07359265358979306 	 0.05347313344100942
970 	 3.072 	 0.06959265358979305 	 0.05339303325341238
971 	 3.072 	 0.06959265358979305 	 0.05339303325341238
972 	 3.076 	 0.06559265358979305 	 0.05331251260257764
973 	 3.08 	 0.061592653589793045 	 0.05323156958046606
974 	 3.084 	 0.05759265358979304 	 0.05315020225737622
975 	 3.088 	 0.05359265358979304 	 0.05306840868162526
976 	 3.092 	 0.049592653589793034 	 0.05298618687922353
977 	 3.096 	 0.04559265358979303 	 0.05290353485354263
978 	 3.1 	 0.04159265358979303 	 0.05282045058497702
979 	 3.1 	 0.04159265358979303 	 0.05282045058497702
980 	 3.1 	 0.04159265358979303 	 0.05282045058497702
981 	 3.104 	 0.037592653589793024 	 0.052736932030598815
982 	 3.108 	 0.03359265358979302 	 0.052652977123805636
983 	 3.112 	 0.029592653589793017 	 0.05256858377396142
984 	 3.112 	 0.029592653589793017 	 0.05256858377396142
985 	 3.116 	 0.025592653589793013 	 0.05248374986602996
986 	 3.12 	 0.02159265358979301 	 0.052398473260201
987 	 3.124 	 0.017592653589793006 	 0.05231275179150873
988 	 3.128 	 0.013592653589793002 	 0.05222658326944239
989 	 3.132 	 0.009592653589792999 	 0.05213996547754898
990 	 3.132 	 0.009592653589792999 	 0.05213996547754898
991 	 3.136 	 0.005592653589792995 	 0.052052896173027684
992 	 3.136 	 0.005592653589792995 	 0.052052896173027684
993 	 3.14 	 0.0015926535897929917 	 0.051965373086315846
994 	 3.144 	 -0.002407346410207012 	 0.05187739392066645
995 	 3.148 	 -0.0064073464102070155 	 0.05178895635171653
996 	 3.152 	 -0.010407346410207019 	 0.05170005802704673
997 	 3.156 	 -0.014407346410207023 	 0.051610696565731404
998 	 3.16 	 -0.018407346410207026 	 0.05152086955787916
999 	 3.164 	 -0.02240734641020703 	 0.051430574564163674
1000 	 3.164 	 -0.02240734641020703 	 0.051430574564163674
