   304  STRUCTURE AND SIMULATION I
     1  N3    -8.918153    4.157129   -0.032693   454     2     5     6     7
     2  CT    -8.638276    3.476665    1.139191   455     1     3     8     9
     3  C     -7.158008    3.303223    1.394821   456     2     4    17
     4  O     -6.641344    2.180746    1.509859   458     3
     5  H     -8.390385    3.908461   -0.886474   457     1
     6  H     -8.790465    5.192747    0.050138   457     1
     7  H     -9.908296    4.122002   -0.335582   457     1
     8  H1    -8.916644    2.471804    0.963658   459     2
     9  CT    -9.456498    3.845159    2.252767   226     2    10    13    14
    10  C    -10.907982    3.626443    2.191109   228     9    11    12
    11  O    -11.341633    2.969697    1.182987   229    10
    12  N    -11.826501    4.098948    3.053670   230    10    15    16
    13  HC    -9.241813    4.850016    2.562833   227     9
    14  HC    -9.093346    3.581709    3.234320   227     9
    15  H    -11.546198    4.674596    3.866698   231    12
    16  H    -12.806970    3.859306    2.839935   231    12
    17  N     -6.318104    4.415135    1.567892    27     3    18    21
    18  CT    -4.880545    4.475282    1.702406    28    17    19    22    23
    19  C     -4.163967    3.445737    0.868623    29    18    20    36
    20  O     -3.367366    2.587821    1.348255    31    19
    21  H     -6.835612    5.346524    1.541773    30    17
    22  H1    -4.714675    4.129981    2.653806    32    18
    23  CT    -4.478024    5.851832    1.500134    33    18    24    27    28
    24  CT    -4.766694    6.694841    0.348751    35    23    25    26    29
    25  CT    -3.704030    6.841730   -0.685847    37    24    30    31    32
    26  CT    -5.407725    7.952334    0.507281    39    24    33    34    35
    27  HC    -3.387794    5.904592    1.619569    34    23
    28  HC    -4.715574    6.440984    2.415881    34    23
    29  HC    -5.536050    6.166049   -0.180174    36    24
    30  HC    -3.245464    5.871816   -1.010022    38    25
    31  HC    -2.856984    7.475568   -0.250491    38    25
    32  HC    -3.986144    7.354224   -1.644036    38    25
    33  HC    -4.708266    8.647996    1.072250    40    26
    34  HC    -6.268399    8.000004    1.225913    40    26
    35  HC    -5.667439    8.610195   -0.295689    40    26
    36  N     -4.378203    3.429979   -0.501883   122    19    37    40
    37  CT    -3.749573    2.528324   -1.475979   123    36    38    41    42
    38  C     -4.150512    1.044903   -1.239789   124    37    39    57
    39  O     -3.343103    0.121552   -1.465352   126    38
    40  H     -4.987685    4.173744   -0.890478   125    36
    41  H1    -2.639204    2.574467   -1.293877   127    37
    42  CT    -4.033867    2.982157   -2.888439   128    37    43    50    51
    43  CA    -2.946646    2.672382   -3.864992   130    42    44    45
    44  CA    -1.907738    3.637837   -4.137671   131    43    46    52
    45  CA    -2.855283    1.374428   -4.496223   131    43    47    53
    46  CA    -0.819584    3.303734   -4.989886   133    44    48    54
    47  CA    -1.772901    1.057191   -5.359616   133    45    48    55
    48  C     -0.745657    2.033465   -5.594672   135    46    47    49
    49  OH     0.325933    1.686224   -6.400657   136    48    56
    50  HC    -4.201379    4.003154   -2.893804   129    42
    51  HC    -4.955000    2.562670   -3.226293   129    42
    52  HA    -1.954613    4.621606   -3.684218   132    44
    53  HA    -3.634256    0.625691   -4.294377   132    45
    54  HA    -0.048447    4.072003   -5.180859   134    46
    55  HA    -1.707413    0.076757   -5.846737   134    47
    56  HO     1.100979    2.267691   -6.217092   137    49
    57  N     -5.408805    0.746515   -0.762421    41    38    58    61
    58  CT    -5.902375   -0.555391   -0.408577    42    57    59    62    63
    59  C     -5.124103   -1.084512    0.752546    43    58    60    76
    60  O     -4.654742   -2.260037    0.767184    45    59
    61  H     -5.951380    1.593115   -0.524744    44    57
    62  H1    -5.730975   -1.165208   -1.186380    46    58
    63  CT    -7.388289   -0.534395   -0.138206    47    58    64    65    67
    64  CT    -8.302963    0.317009   -1.139626    49    63    66    68    69
    65  CT    -8.031780   -1.928703    0.041749    51    63    70    71    72
    66  CT    -8.143926   -0.110536   -2.620768    53    64    73    74    75
    67  HC    -7.612562   -0.029078    0.870575    48    63
    68  HC    -7.978364    1.361062   -1.072868    50    64
    69  HC    -9.353416    0.248224   -0.858377    50    64
    70  HC    -7.564150   -2.484188    0.827201    52    65
    71  HC    -7.860788   -2.521907   -0.828949    52    65
    72  HC    -9.084703   -1.904528    0.223065    52    65
    73  HC    -8.430240   -1.189761   -2.751341    54    66
    74  HC    -7.093294    0.022840   -2.966836    54    66
    75  HC    -8.797656    0.523800   -3.254242    54    66
    76  N     -4.906475   -0.261593    1.840986   244    59    77    80
    77  CT    -4.103668   -0.596810    3.014184   245    76    78    81    82
    78  C     -2.607022   -0.832851    2.668543   246    77    79    93
    79  O     -1.933442   -1.637073    3.328427   248    78
    80  H     -5.339855    0.689395    1.784936   247    76
    81  H1    -4.506712   -1.546406    3.416939   249    77
    82  CT    -4.238756    0.498842    4.106966   250    77    83    87    88
    83  CT    -4.169123   -0.085550    5.535360   252    82    84    89    90
    84  C     -5.516437   -0.708295    5.987460   254    83    85    86
    85  O     -5.724967   -1.930188    5.987016   255    84
    86  N     -6.441187    0.135172    6.456301   256    84    91    92
    87  HC    -5.214391    1.002337    3.981936   251    82
    88  HC    -3.420615    1.246674    3.990355   251    82
    89  HC    -3.889716    0.716471    6.238131   253    83
    90  HC    -3.359885   -0.855213    5.600307   253    83
    91  H     -6.339152    1.140745    6.456478   257    86
    92  H     -7.315986   -0.328981    6.784688   257    86
    93  N     -2.017803   -0.153050    1.630357   138    78    94    97
    94  CT    -0.707017   -0.406095    1.073129   139    93    95    98    99
    95  C     -0.625904   -1.725234    0.343859   140    94    96   117
    96  O      0.305388   -2.569090    0.499260   142    95
    97  H     -2.616407    0.581316    1.213221   141    93
    98  H1    -0.069521   -0.574803    1.866467   143    94
    99  CT    -0.212444    0.717996    0.295042   144    94   100   109   110
   100  C*     1.114729    0.607946   -0.349016   146    99   101   102
   101  CW     2.345825    0.752645    0.289220   147   100   103   111
   102  CB     1.490824    0.227086   -1.753828   149   100   104   105
   103  NA     3.384677    0.461965   -0.592042   150   101   104   112
   104  CN     2.922944    0.160734   -1.861923   152   102   103   106
   105  CA     0.728576   -0.055672   -2.920209   153   102   107   113
   106  CA     3.578803   -0.157448   -3.070377   155   104   108   114
   107  CA     1.370748   -0.379666   -4.135473   157   105   108   115
   108  CA     2.792954   -0.425976   -4.224857   159   106   107   116
   109  HC    -0.196994    1.604200    0.838769   145    99
   110  HC    -0.915292    0.970652   -0.517546   145    99
   111  H4     2.447444    1.040074    1.356278   148   101
   112  H      4.392890    0.490012   -0.356283   151   103
   113  HA    -0.362571    0.019545   -2.879583   154   105
   114  HA     4.678053   -0.189713   -3.102666   156   106
   115  HA     0.772800   -0.607923   -5.039579   158   107
   116  HA     3.280840   -0.665178   -5.187768   160   108
   117  N     -1.625103   -2.041395   -0.564719    27    95   118   121
   118  CT    -1.719041   -3.299790   -1.354790    28   117   119   122   123
   119  C     -1.876228   -4.536403   -0.442929    29   118   120   136
   120  O     -1.173546   -5.541472   -0.665144    31   119
   121  H     -2.357905   -1.311920   -0.728866    30   117
   122  H1    -0.704093   -3.439710   -1.823843    32   118
   123  CT    -2.772333   -3.192051   -2.432521    33   118   124   127   128
   124  CT    -2.422526   -2.396581   -3.645117    35   123   125   126   129
   125  CT    -3.620607   -2.296441   -4.639106    37   124   130   131   132
   126  CT    -1.199096   -2.968488   -4.452523    39   124   133   134   135
   127  HC    -3.654722   -2.799208   -1.999928    34   123
   128  HC    -3.039588   -4.165486   -2.733755    34   123
   129  HC    -2.143038   -1.335262   -3.366246    36   124
   130  HC    -4.494226   -1.845458   -4.119798    38   125
   131  HC    -3.892571   -3.314518   -4.989882    38   125
   132  HC    -3.368035   -1.680341   -5.522971    38   125
   133  HC    -1.384275   -4.038676   -4.695639    40   126
   134  HC    -0.270680   -2.886161   -3.855380    40   126
   135  HC    -1.047043   -2.420749   -5.402989    40   126
   136  N     -2.791472   -4.539365    0.594033   271   119   137   140
   137  CT    -3.071293   -5.646488    1.495512   272   136   138   141   142
   138  C     -1.835612   -6.163479    2.189787   273   137   139   158
   139  O     -1.719090   -7.372693    2.569596   275   138
   140  H     -3.343846   -3.627250    0.690710   274   136
   141  H1    -3.276462   -6.426501    0.894014   276   137
   142  CT    -4.134034   -5.327355    2.409603   277   137   143   147   148
   143  CT    -3.943986   -4.463103    3.605538   279   142   144   149   150
   144  CT    -3.657611   -5.125127    4.919540   281   143   145   151   152
   145  CT    -3.442443   -4.135050    6.101104   283   144   146   153   154
   146  N3    -4.471079   -4.211900    7.139739   285   145   155   156   157
   147  HC    -4.607631   -6.221750    2.788128   278   142
   148  HC    -5.030969   -4.957055    1.865688   278   142
   149  HC    -4.669543   -3.742375    3.750567   280   143
   150  HC    -3.093620   -3.827511    3.361052   280   143
   151  HC    -2.755772   -5.795199    4.864993   282   144
   152  HC    -4.505487   -5.838611    5.183148   282   144
   153  HP    -3.421509   -3.125067    5.651385   284   145
   154  HP    -2.409659   -4.292800    6.528790   284   145
   155  H     -4.563539   -5.141403    7.514171   286   146
   156  H     -5.353244   -3.922446    6.731998   286   146
   157  H     -4.309524   -3.562294    7.881915   286   146
   158  N     -0.814346   -5.288498    2.459172   210   138   159   162
   159  CT     0.517337   -5.535389    3.064492   211   158   160   163   164
   160  C      1.503005   -6.242079    2.081629   212   159   161   170
   161  O      2.591775   -6.693046    2.530063   214   160
   162  H     -0.988932   -4.294678    2.206551   213   158
   163  H1     0.360782   -6.301486    3.904035   215   159
   164  CT     1.073859   -4.261905    3.638484   216   159   165   168   169
   165  C      0.765550   -3.987830    5.046363   218   164   166   167
   166  O2    -0.458807   -4.090307    5.478991   219   165
   167  O2     1.729369   -3.773696    5.902667   219   165
   168  HC     0.699814   -3.460463    3.073307   217   164
   169  HC     2.132382   -4.261847    3.554476   217   164
   170  N      1.186578   -6.331100    0.760728     1   160   171   174
   171  CT     2.059946   -6.875224   -0.305840     2   170   172   175   176
   172  C      2.627133   -5.839714   -1.304297     3   171   173   177
   173  O      3.497102   -6.195463   -2.129424     5   172
   174  H      0.251430   -5.989055    0.477744     4   170
   175  H1     1.471252   -7.623700   -0.876327     6   171
   176  H1     2.917535   -7.427774    0.149055     6   171
   177  N      2.176762   -4.552799   -1.241432     1   172   178   181
   178  CT     2.592530   -3.491573   -2.180871     2   177   179   182   183
   179  C      4.150484   -3.320052   -2.149449     3   178   180   184
   180  O      4.732460   -3.110060   -1.056633     5   179
   181  H      1.476192   -4.311657   -0.513898     4   177
   182  H1     2.143072   -2.536254   -1.844465     6   178
   183  H1     2.234938   -3.732260   -3.169633     6   178
   184  N      4.860097   -3.400573   -3.319179    96   179   185   191
   185  CT     6.341774   -3.276828   -3.368469    97   184   186   188   189
   186  C      7.077488   -4.320722   -2.504405    98   185   187   198
   187  O      8.191926   -4.049939   -1.992813    99   186
   188  H1     6.624756   -2.253440   -3.023627   100   185
   189  CT     6.731234   -3.423506   -4.868246   101   185   190   192   193
   190  CT     5.426640   -3.116664   -5.641708   103   189   191   194   195
   191  CT     4.326826   -3.629676   -4.684755   105   184   190   196   197
   192  HC     7.087776   -4.441556   -5.069956   102   189
   193  HC     7.534214   -2.705545   -5.151407   102   189
   194  HC     5.386164   -3.695839   -6.579151   104   190
   195  HC     5.318578   -2.038465   -5.797899   104   190
   196  H1     4.130541   -4.697536   -4.827637   106   191
   197  H1     3.380105   -3.078106   -4.863947   106   191
   198  N      6.493012   -5.531951   -2.302726    55   186   199   202
   199  CT     7.110550   -6.658143   -1.548593    56   198   200   203   204
   200  C      6.956123   -6.548853   -0.010666    57   199   201   209
   201  O      7.072349   -7.563158    0.708196    59   200
   202  H      5.534425   -5.689216   -2.690995    58   198
   203  H1     8.175711   -6.667358   -1.763881    60   199
   204  CT     6.491130   -8.003074   -2.067973    61   199   205   206   207
   205  OH     6.777436   -8.169639   -3.466149    63   204   208
   206  H1     5.402899   -7.985400   -1.925143    62   204
   207  H1     6.934485   -8.851205   -1.491085    62   204
   208  HO     7.762708   -8.320831   -3.555531    64   205
   209  N      6.668501   -5.325616    0.555809    55   200   210   213
   210  CT     6.464086   -5.041110    1.950802    56   209   211   214   215
   211  C      7.393971   -4.035881    2.547184    57   210   212   220
   212  O      7.189625   -3.482381    3.681732    59   211
   213  H      6.534803   -4.546847   -0.160520    58   209
   214  H1     6.624271   -5.847152    2.436066    60   210
   215  CT     5.007463   -4.716258    2.166602    61   210   216   217   218
   216  OH     4.509985   -5.210208    3.406546    63   215   219
   217  H1     4.381757   -5.097931    1.353446    62   215
   218  H1     4.825003   -3.621592    2.138306    62   215
   219  HO     3.776417   -5.881350    3.173353    64   216
   220  N      8.533808   -3.629899    1.845228     1   211   221   224
   221  CT     9.539051   -2.701674    2.296321     2   220   222   225   226
   222  C      9.090603   -1.284428    2.473861     3   221   223   227
   223  O      9.636633   -0.515475    3.343259     5   222
   224  H      8.651994   -4.113068    0.918730     4   220
   225  H1    10.379184   -2.749393    1.686292     6   221
   226  H1     9.946482   -3.051640    3.194513     6   221
   227  N      8.027508   -0.786592    1.764148   287   222   228   231
   228  CT     7.338378    0.458201    1.844084   288   227   229   232   233
   229  C      6.943136    1.063237    0.538753   289   228   230   251
   230  O      6.275027    0.328059   -0.277791   291   229
   231  H      7.655960   -1.496908    1.049215   290   227
   232  H1     8.043702    1.066234    2.192874   292   228
   233  CT     6.214279    0.304063    2.829784   293   228   234   240   241
   234  CT     5.083611   -0.682438    2.520789   295   233   235   242   243
   235  CT     4.054664   -0.962161    3.477620   297   234   236   244   245
   236  N2     4.308503   -1.940436    4.523510   299   235   237   246
   237  CA     4.973184   -1.830250    5.707485   301   236   238   239
   238  N2     5.389670   -0.621204    6.137060   302   237   247   248
   239  N2     5.179091   -2.886554    6.474528   302   237   249   250
   240  HC     5.724128    1.318909    2.995116   294   233
   241  HC     6.635881    0.059485    3.865019   294   233
   242  HC     5.576186   -1.614882    2.315324   296   234
   243  HC     4.644748   -0.367896    1.590574   296   234
   244  H1     3.108405   -1.195770    3.045788   298   235
   245  H1     3.735982   -0.047422    3.975483   298   235
   246  H      4.045921   -2.936742    4.349566   300   236
   247  H      5.229613    0.175840    5.547185   303   238
   248  H      5.971413   -0.564061    6.994018   303   238
   249  H      4.770853   -3.783085    6.170225   303   239
   250  H      5.671670   -2.798541    7.370564   303   239
   251  N      7.203941    2.338145    0.187806    96   229   252   258
   252  CT     6.830358    2.990482   -1.097829    97   251   253   255   256
   253  C      5.272256    3.211960   -1.143950    98   252   254   265
   254  O      4.606791    3.255021   -0.082609    99   253
   255  H1     7.134310    2.338222   -1.927295   100   252
   256  CT     7.547405    4.333973   -1.065669   101   252   257   259   260
   257  CT     7.768202    4.649263    0.286339   103   256   258   261   262
   258  CT     7.908851    3.347376    1.040942   105   251   257   263   264
   259  HC     7.084121    5.014273   -1.696278   102   256
   260  HC     8.502193    4.219784   -1.561632   102   256
   261  HC     6.936850    5.200724    0.688526   104   257
   262  HC     8.482806    5.356132    0.601477   104   257
   263  H1     7.448450    3.339212    2.051462   106   258
   264  H1     8.991934    3.053897    1.125217   106   258
   265  N      4.657531    3.368119   -2.400117    96   253   266   272
   266  CT     3.283873    3.639825   -2.519900    97   265   267   269   270
   267  C      2.892355    4.995561   -2.024439    98   266   268   279
   268  O      3.677473    6.009596   -2.184602    99   267
   269  H1     2.727937    2.916684   -2.035106   100   266
   270  CT     2.998983    3.495211   -3.975273   101   266   271   273   274
   271  CT     4.379477    3.849556   -4.676024   103   270   272   275   276
   272  CT     5.366433    3.349823   -3.679678   105   265   271   277   278
   273  HC     2.228540    4.193484   -4.361169   102   270
   274  HC     2.724420    2.466225   -4.291545   102   270
   275  HC     4.441925    4.922269   -4.848398   104   271
   276  HC     4.448760    3.366698   -5.699438   104   271
   277  H1     6.234452    3.895970   -3.684784   106   272
   278  H1     5.630646    2.341948   -3.916987   106   272
   279  N      1.650671    5.189867   -1.428162    96   267   280   286
   280  CT     1.169231    6.520775   -0.932340    97   279   281   283   284
   281  C      0.698902    7.387862   -2.162083    98   280   282   293
   282  O     -0.181628    6.951797   -2.949048    99   281
   283  H1     1.991252    7.061857   -0.422758   100   280
   284  CT     0.013435    6.111684   -0.051322   101   280   285   287   288
   285  CT    -0.489982    4.895975   -0.544652   103   284   286   289   290
   286  CT     0.658032    4.172433   -1.142723   105   279   285   291   292
   287  HC    -0.677348    6.920404    0.065265   102   284
   288  HC     0.424659    6.013091    0.954255   102   284
   289  HC    -1.246756    5.049437   -1.287141   104   285
   290  HC    -1.020544    4.274920    0.159309   104   285
   291  H1     0.449474    3.634262   -2.023146   106   286
   292  H1     1.092544    3.477268   -0.455567   106   286
   293  N      1.249864    8.614159   -2.286768   531   281   294   297
   294  CT     0.862277    9.663835   -3.253210   532   293   295   298   299
   295  C     -0.427659   10.409506   -2.759448   533   294   296   304
   296  O2    -0.392838   10.896212   -1.578952   535   295
   297  H      1.972417    8.886500   -1.598602   534   293
   298  H1     0.566705    9.193271   -4.221072   536   294
   299  CT     1.985024   10.691136   -3.466904    61   294   300   301   302
   300  OH     3.154330   10.044972   -3.967586    63   299   303
   301  H1     2.218113   11.157745   -2.492586    62   299
   302  H1     1.628627   11.486097   -4.173021    62   299
   303  HO     2.825229    9.395663   -4.653864    64   300
   304  O2    -1.377634   10.519161   -3.604036   535   295
