   304  STRUCTURE AND SIMULATION I
     1  N3    -8.917357    4.158517   -0.034256   454     2     5     6     7
     2  CT    -8.638611    3.477430    1.137696   455     1     3     8     9
     3  C     -7.158688    3.303416    1.393983   456     2     4    17
     4  O     -6.642264    2.180882    1.509358   458     3
     5  H     -8.389243    3.909719   -0.888034   457     1
     6  H     -8.789747    5.194037    0.049187   457     1
     7  H     -9.907219    4.123935   -0.338257   457     1
     8  H1    -8.917071    2.472633    0.961677   459     2
     9  CT    -9.458232    3.847416    2.249839   226     2    10    13    14
    10  C    -10.909394    3.626519    2.187018   228     9    11    12
    11  O    -11.342190    2.971950    1.176836   229    10
    12  N    -11.829642    4.095268    3.049029   230    10    15    16
    13  HC    -9.243223    4.851203    2.561190   227     9
    14  HC    -9.096064    3.581605    3.231564   227     9
    15  H    -11.551132    4.671620    3.862607   231    12
    16  H    -12.810144    3.859013    2.831690   231    12
    17  N     -6.318390    4.415038    1.567998    27     3    18    21
    18  CT    -4.880948    4.474948    1.702926    28    17    19    22    23
    19  C     -4.164186    3.445343    0.869188    29    18    20    36
    20  O     -3.367861    2.587367    1.349052    31    19
    21  H     -6.835551    5.346654    1.542230    30    17
    22  H1    -4.715999    4.129400    2.654328    32    18
    23  CT    -4.477370    5.851375    1.501324    33    18    24    27    28
    24  CT    -4.765741    6.694587    0.350077    35    23    25    26    29
    25  CT    -3.703112    6.841379   -0.684572    37    24    30    31    32
    26  CT    -5.406825    7.952033    0.508329    39    24    33    34    35
    27  HC    -3.387336    5.903657    1.621100    34    23
    28  HC    -4.715323    6.439892    2.417262    34    23
    29  HC    -5.534973    6.166273   -0.179517    36    24
    30  HC    -3.244423    5.871359   -1.008278    38    25
    31  HC    -2.856092    7.475071   -0.249265    38    25
    32  HC    -3.985224    7.353785   -1.642841    38    25
    33  HC    -4.706993    8.647799    1.072717    40    26
    34  HC    -6.266625    8.000071    1.228033    40    26
    35  HC    -5.666788    8.609653   -0.295056    40    26
    36  N     -4.377847    3.429851   -0.501194   122    19    37    40
    37  CT    -3.749166    2.528310   -1.475377   123    36    38    41    42
    38  C     -4.150206    1.044850   -1.239412   124    37    39    57
    39  O     -3.342746    0.121611   -1.464714   126    38
    40  H     -4.987026    4.173794   -0.889960   125    36
    41  H1    -2.638860    2.574237   -1.293029   127    37
    42  CT    -4.033079    2.982354   -2.887915   128    37    43    50    51
    43  CA    -2.945947    2.672728   -3.864310   130    42    44    45
    44  CA    -1.906875    3.638083   -4.136721   131    43    46    52
    45  CA    -2.854629    1.374824   -4.495632   131    43    47    53
    46  CA    -0.818773    3.303877   -4.989143   133    44    48    54
    47  CA    -1.772434    1.057514   -5.359172   133    45    48    55
    48  C     -0.745074    2.034088   -5.594409   135    46    47    49
    49  OH     0.326280    1.686458   -6.400217   136    48    56
    50  HC    -4.200543    4.003217   -2.893118   129    42
    51  HC    -4.954148    2.563175   -3.226150   129    42
    52  HA    -1.953718    4.621776   -3.683141   132    44
    53  HA    -3.633775    0.626195   -4.293950   132    45
    54  HA    -0.047569    4.072272   -5.179956   134    46
    55  HA    -1.707010    0.077026   -5.846233   134    47
    56  HO     1.101468    2.267705   -6.216527   137    49
    57  N     -5.408778    0.746711   -0.762573    41    38    58    61
    58  CT    -5.902559   -0.555071   -0.408935    42    57    59    62    63
    59  C     -5.124468   -1.084847    0.752389    43    58    60    76
    60  O     -4.655305   -2.260337    0.767296    45    59
    61  H     -5.951314    1.593419   -0.525106    44    57
    62  H1    -5.731248   -1.164895   -1.186651    46    58
    63  CT    -7.388757   -0.533718   -0.139255    47    58    64    65    67
    64  CT    -8.302773    0.317868   -1.140851    49    63    66    68    69
    65  CT    -8.032109   -1.928212    0.040473    51    63    70    71    72
    66  CT    -8.143197   -0.109278   -2.622399    53    64    73    74    75
    67  HC    -7.613433   -0.028549    0.869438    48    63
    68  HC    -7.977937    1.361825   -1.074267    50    64
    69  HC    -9.353507    0.249502   -0.860179    50    64
    70  HC    -7.564107   -2.484482    0.825273    52    65
    71  HC    -7.860557   -2.521060   -0.830278    52    65
    72  HC    -9.085171   -1.903771    0.220616    52    65
    73  HC    -8.430672   -1.188276   -2.752036    54    66
    74  HC    -7.092677    0.023348   -2.967729    54    66
    75  HC    -8.796872    0.525327   -3.255592    54    66
    76  N     -4.907290   -0.261860    1.840712   244    59    77    80
    77  CT    -4.104699   -0.597159    3.014190   245    76    78    81    82
    78  C     -2.607985   -0.832792    2.669502   246    77    79    93
    79  O     -1.934555   -1.636762    3.329830   248    78
    80  H     -5.340825    0.689088    1.784623   247    76
    81  H1    -4.508038   -1.546919    3.416768   249    77
    82  CT    -4.241045    0.498206    4.107191   250    77    83    87    88
    83  CT    -4.173441   -0.086238    5.535357   252    82    84    89    90
    84  C     -5.520597   -0.710065    5.986130   254    83    85    86
    85  O     -5.728065   -1.932072    5.985605   255    84
    86  N     -6.447834    0.131844    6.453718   256    84    91    92
    87  HC    -5.216580    1.001893    3.981452   251    82
    88  HC    -3.422812    1.246078    3.991304   251    82
    89  HC    -3.895349    0.715707    6.238696   253    83
    90  HC    -3.363526   -0.855499    5.600878   253    83
    91  H     -6.346127    1.137193    6.454246   257    86
    92  H     -7.323895   -0.334452    6.776199   257    86
    93  N     -2.018494   -0.153048    1.631624   138    78    94    97
    94  CT    -0.707370   -0.405904    1.074702   139    93    95    98    99
    95  C     -0.626289   -1.724939    0.345148   140    94    96   117
    96  O      0.305172   -2.568663    0.500795   142    95
    97  H     -2.616884    0.581278    1.214142   141    93
    98  H1    -0.069576   -0.574232    1.868231   143    94
    99  CT    -0.212251    0.717665    0.296350   144    94   100   109   110
   100  C*     1.115227    0.608036   -0.347831   146    99   101   102
   101  CW     2.346336    0.752626    0.290033   147   100   103   111
   102  CB     1.490986    0.227069   -1.752815   149   100   104   105
   103  NA     3.385139    0.462129   -0.591617   150   101   104   112
   104  CN     2.923221    0.160513   -1.861225   152   102   103   106
   105  CA     0.728571   -0.055584   -2.919123   153   102   107   113
   106  CA     3.578821   -0.157631   -3.069870   155   104   108   114
   107  CA     1.370383   -0.379572   -4.134523   157   105   108   115
   108  CA     2.792551   -0.426049   -4.223976   159   106   107   116
   109  HC    -0.196987    1.603870    0.840172   145    99
   110  HC    -0.915130    0.970709   -0.516383   145    99
   111  H4     2.448392    1.039721    1.357035   148   101
   112  H      4.393512    0.490216   -0.356315   151   103
   113  HA    -0.362566    0.019801   -2.878451   154   105
   114  HA     4.678040   -0.190235   -3.102412   156   106
   115  HA     0.772583   -0.607545   -5.038735   158   107
   116  HA     3.279984   -0.665449   -5.187217   160   108
   117  N     -1.625324   -2.041276   -0.563714    27    95   118   121
   118  CT    -1.719188   -3.299676   -1.353489    28   117   119   122   123
   119  C     -1.876119   -4.536341   -0.441766    29   118   120   136
   120  O     -1.173524   -5.541321   -0.663661    31   119
   121  H     -2.357904   -1.311675   -0.727977    30   117
   122  H1    -0.704261   -3.439599   -1.822692    32   118
   123  CT    -2.772084   -3.192032   -2.431728    33   118   124   127   128
   124  CT    -2.422673   -2.396212   -3.644361    35   123   125   126   129
   125  CT    -3.620325   -2.296013   -4.638742    37   124   130   131   132
   126  CT    -1.199374   -2.968433   -4.451407    39   124   133   134   135
   127  HC    -3.654440   -2.799076   -1.999377    34   123
   128  HC    -3.039495   -4.165395   -2.732534    34   123
   129  HC    -2.142961   -1.334971   -3.365462    36   124
   130  HC    -4.494063   -1.845061   -4.119705    38   125
   131  HC    -3.892435   -3.314042   -4.989602    38   125
   132  HC    -3.367558   -1.679879   -5.522498    38   125
   133  HC    -1.384513   -4.038593   -4.694622    40   126
   134  HC    -0.271212   -2.885963   -3.853939    40   126
   135  HC    -1.047366   -2.420681   -5.402252    40   126
   136  N     -2.791219   -4.539392    0.595070   271   119   137   140
   137  CT    -3.070959   -5.646541    1.496835   272   136   138   141   142
   138  C     -1.835022   -6.163273    2.191649   273   137   139   158
   139  O     -1.718264   -7.372455    2.571466   275   138
   140  H     -3.344062   -3.627575    0.691451   274   136
   141  H1    -3.275800   -6.426601    0.895304   276   137
   142  CT    -4.134430   -5.327587    2.410129   277   137   143   147   148
   143  CT    -3.943966   -4.463509    3.605988   279   142   144   149   150
   144  CT    -3.658026   -5.125364    4.920250   281   143   145   151   152
   145  CT    -3.443792   -4.135263    6.101863   283   144   146   153   154
   146  N3    -4.473262   -4.212452    7.139861   285   145   155   156   157
   147  HC    -4.607424   -6.222257    2.788603   278   142
   148  HC    -5.031430   -4.957318    1.865842   278   142
   149  HC    -4.670122   -3.742965    3.750338   280   143
   150  HC    -3.093926   -3.827518    3.361942   280   143
   151  HC    -2.755894   -5.795096    4.865988   282   144
   152  HC    -4.505715   -5.839281    5.183656   282   144
   153  HP    -3.423050   -3.125248    5.652190   284   145
   154  HP    -2.411077   -4.292301    6.529832   284   145
   155  H     -4.564114   -5.141964    7.514965   286   146
   156  H     -5.355529   -3.924180    6.731867   286   146
   157  H     -4.312553   -3.562646    7.881920   286   146
   158  N     -0.814029   -5.287876    2.461264   210   138   159   162
   159  CT     0.517716   -5.534233    3.066461   211   158   160   163   164
   160  C      1.503577   -6.240863    2.083768   212   159   161   170
   161  O      2.592563   -6.691863    2.532157   214   160
   162  H     -0.988910   -4.294209    2.208324   213   158
   163  H1     0.361496   -6.300142    3.906215   215   159
   164  CT     1.074482   -4.260584    3.640218   216   159   165   168   169
   165  C      0.765370   -3.986660    5.048330   218   164   166   167
   166  O2    -0.459191   -4.089657    5.480767   219   165
   167  O2     1.730158   -3.771310    5.903434   219   165
   168  HC     0.700017   -3.459419    3.074923   217   164
   169  HC     2.133407   -4.260373    3.555935   217   164
   170  N      1.186885   -6.330444    0.763100     1   160   171   174
   171  CT     2.059791   -6.874820   -0.303803     2   170   172   175   176
   172  C      2.626368   -5.839239   -1.302399     3   171   173   177
   173  O      3.495858   -6.195258   -2.128127     5   172
   174  H      0.251574   -5.988742    0.479785     4   170
   175  H1     1.471173   -7.623729   -0.873876     6   171
   176  H1     2.917513   -7.427249    0.151248     6   171
   177  N      2.176165   -4.552610   -1.239794     1   172   178   181
   178  CT     2.591942   -3.491582   -2.179666     2   177   179   182   183
   179  C      4.149866   -3.320064   -2.149005     3   178   180   184
   180  O      4.732405   -3.109757   -1.056642     5   179
   181  H      1.476004   -4.311204   -0.511989     4   177
   182  H1     2.142664   -2.536072   -1.843348     6   178
   183  H1     2.234061   -3.732417   -3.168107     6   178
   184  N      4.858766   -3.400867   -3.319168    96   179   185   191
   185  CT     6.340509   -3.277552   -3.369617    97   184   186   188   189
   186  C      7.076259   -4.321208   -2.505441    98   185   187   198
   187  O      8.191003   -4.050713   -1.994920    99   186
   188  H1     6.623902   -2.254015   -3.024994   100   185
   189  CT     6.728869   -3.424698   -4.869744   101   185   190   192   193
   190  CT     5.423562   -3.117967   -5.642546   103   189   191   194   195
   191  CT     4.324845   -3.630693   -4.684362   105   184   190   196   197
   192  HC     7.084693   -4.442861   -5.071388   102   189
   193  HC     7.531761   -2.707182   -5.153816   102   189
   194  HC     5.382364   -3.697623   -6.579468   104   190
   195  HC     5.315860   -2.039789   -5.799083   104   190
   196  H1     4.127840   -4.698262   -4.826959   106   191
   197  H1     3.378297   -3.078514   -4.863204   106   191
   198  N      6.491679   -5.532287   -2.303253    55   186   199   202
   199  CT     7.109224   -6.658521   -1.549238    56   198   200   203   204
   200  C      6.955806   -6.548687   -0.011156    57   199   201   209
   201  O      7.072266   -7.562895    0.707645    59   200
   202  H      5.532787   -5.689466   -2.691037    58   198
   203  H1     8.173879   -6.668255   -1.765484    60   199
   204  CT     6.489079   -8.003406   -2.067981    61   199   205   206   207
   205  OH     6.772646   -8.170154   -3.466767    63   204   208
   206  H1     5.400830   -7.985378   -1.924302    62   204
   207  H1     6.932987   -8.851359   -1.491737    62   204
   208  HO     7.757856   -8.321370   -3.558109    64   205
   209  N      6.668559   -5.325491    0.555234    55   200   210   213
   210  CT     6.464760   -5.040245    1.950189    56   209   211   214   215
   211  C      7.395389   -4.035068    2.546222    57   210   212   220
   212  O      7.191407   -3.481215    3.680681    59   211
   213  H      6.534498   -4.546731   -0.161197    58   209
   214  H1     6.625388   -5.846121    2.435495    60   210
   215  CT     5.008184   -4.715287    2.167146    61   210   216   217   218
   216  OH     4.511204   -5.208700    3.407423    63   215   219
   217  H1     4.382266   -5.097350    1.354390    62   215
   218  H1     4.825909   -3.620723    2.138767    62   215
   219  HO     3.777586   -5.879992    3.174823    64   216
   220  N      8.534743   -3.629534    1.843252     1   211   221   224
   221  CT     9.540603   -2.700869    2.291597     2   220   222   225   226
   222  C      9.092584   -1.283815    2.470529     3   221   223   227
   223  O      9.639708   -0.514984    3.339267     5   222
   224  H      8.651988   -4.112853    0.916631     4   220
   225  H1    10.380389   -2.748327    1.681017     6   221
   226  H1     9.949296   -3.050783    3.189108     6   221
   227  N      8.028739   -0.786180    1.761752   287   222   228   231
   228  CT     7.340168    0.458947    1.842530   288   227   229   232   233
   229  C      6.944432    1.063800    0.537716   289   228   230   251
   230  O      6.276047    0.328557   -0.278469   291   229
   231  H      7.656611   -1.496528    1.047137   290   227
   232  H1     8.045829    1.066973    2.191060   292   228
   233  CT     6.216547    0.304789    2.828546   293   228   234   240   241
   234  CT     5.085553   -0.681607    2.520538   295   233   235   242   243
   235  CT     4.056312   -0.961077    3.477295   297   234   236   244   245
   236  N2     4.310410   -1.938673    4.523378   299   235   237   246
   237  CA     4.975610   -1.828146    5.706989   301   236   238   239
   238  N2     5.392433   -0.618895    6.136223   302   237   247   248
   239  N2     5.180748   -2.884000    6.474773   302   237   249   250
   240  HC     5.726451    1.319597    2.994167   294   233
   241  HC     6.638779    0.060080    3.863778   294   233
   242  HC     5.577921   -1.614053    2.314995   296   234
   243  HC     4.646161   -0.367254    1.590440   296   234
   244  H1     3.109683   -1.194779    3.046023   298   235
   245  H1     3.738241   -0.045986    3.974768   298   235
   246  H      4.047217   -2.934995    4.349973   300   236
   247  H      5.232535    0.177983    5.546111   303   238
   248  H      5.975204   -0.561739    6.992618   303   238
   249  H      4.772612   -3.780615    6.170651   303   239
   250  H      5.670735   -2.795143    7.372104   303   239
   251  N      7.205456    2.338854    0.186695    96   229   252   258
   252  CT     6.831325    2.990829   -1.098843    97   251   253   255   256
   253  C      5.273123    3.212256   -1.144255    98   252   254   265
   254  O      4.608033    3.255121   -0.082825    99   253
   255  H1     7.135322    2.338459   -1.928174   100   252
   256  CT     7.548187    4.334517   -1.066644   101   252   257   259   260
   257  CT     7.769311    4.650170    0.285180   103   256   258   261   262
   258  CT     7.910527    3.348286    1.039562   105   251   257   263   264
   259  HC     7.085045    5.014721   -1.697436   102   256
   260  HC     8.502834    4.220552   -1.562960   102   256
   261  HC     6.937885    5.201542    0.687309   104   257
   262  HC     8.483662    5.357443    0.600091   104   257
   263  H1     7.450110    3.339987    2.050275   106   258
   264  H1     8.993549    3.055108    1.123733   106   258
   265  N      4.658216    3.367937   -2.400393    96   253   266   272
   266  CT     3.284758    3.639239   -2.519483    97   265   267   269   270
   267  C      2.893087    4.994869   -2.023725    98   266   268   279
   268  O      3.678159    6.008803   -2.184024    99   267
   269  H1     2.728518    2.916366   -2.034372   100   266
   270  CT     2.999849    3.494770   -3.974821   101   266   271   273   274
   271  CT     4.379911    3.849069   -4.676200   103   270   272   275   276
   272  CT     5.366860    3.349530   -3.680042   105   265   271   277   278
   273  HC     2.229305    4.193206   -4.360403   102   270
   274  HC     2.724744    2.465944   -4.291196   102   270
   275  HC     4.442609    4.921603   -4.848779   104   271
   276  HC     4.448951    3.365697   -5.699476   104   271
   277  H1     6.235090    3.895415   -3.685464   106   272
   278  H1     5.630705    2.341399   -3.917417   106   272
   279  N      1.651794    5.188905   -1.426897    96   267   280   286
   280  CT     1.170198    6.519494   -0.930406    97   279   281   283   284
   281  C      0.699766    7.386788   -2.159926    98   280   282   293
   282  O     -0.180737    6.950586   -2.947306    99   281
   283  H1     1.992151    7.060797   -0.420958   100   280
   284  CT     0.014359    6.110715   -0.049461   101   280   285   287   288
   285  CT    -0.489279    4.895052   -0.543250   103   284   286   289   290
   286  CT     0.658775    4.172021   -1.141834   105   279   285   291   292
   287  HC    -0.676447    6.919561    0.066679   102   284
   288  HC     0.425994    6.011949    0.955965   102   284
   289  HC    -1.246057    5.048585   -1.285684   104   285
   290  HC    -1.020053    4.274351    0.160709   104   285
   291  H1     0.450086    3.633715   -2.022172   106   286
   292  H1     1.093249    3.476639   -0.454608   106   286
   293  N      1.250327    8.613104   -2.284876   531   281   294   297
   294  CT     0.863704    9.661114   -3.253700   532   293   295   298   299
   295  C     -0.426996   10.406299   -2.761801   533   294   296   304
   296  O2    -0.393452   10.894708   -1.581884   535   295
   297  H      1.972239    8.886062   -1.596485   534   293
   298  H1     0.569402    9.189765   -4.221414   536   294
   299  CT     1.986504   10.688667   -3.466619    61   294   300   301   302
   300  OH     3.157452   10.042063   -3.963201    63   299   303
   301  H1     2.217199   11.156547   -2.492152    62   299
   302  H1     1.631436   11.482201   -4.174735    62   299
   303  HO     2.829091    9.393011   -4.650904    64   300
   304  O2    -1.375913   10.515499   -3.607844   535   295
