   304  STRUCTURE AND SIMULATION I
     1  N3    -8.976178    4.151079   -0.579350   454     2     5     6     7
     2  CT    -8.681144    3.136486   -1.658880   455     1     3     8     9
     3  C     -7.172447    2.962378   -1.931424   456     2     4    17
     4  O     -6.686675    1.845389   -1.783091   458     3
     5  H     -8.394395    3.994279    0.258176   457     1
     6  H     -8.818654    5.110812   -0.930419   457     1
     7  H     -9.979687    4.050910   -0.298473   457     1
     8  H1    -9.008798    2.148899   -1.259136   459     2
     9  CT    -9.531426    3.375019   -2.929320   226     2    10    13    14
    10  C    -11.023329    3.113533   -2.635920   228     9    11    12
    11  O    -11.375604    2.679991   -1.521777   229    10
    12  N    -11.923547    3.381140   -3.585827   230    10    15    16
    13  HC    -9.396814    4.412860   -3.267807   227     9
    14  HC    -9.189781    2.680884   -3.724654   227     9
    15  H    -11.690338    3.783470   -4.509197   231    12
    16  H    -12.902414    3.167901   -3.309738   231    12
    17  N     -6.428826    4.042731   -2.262512    27     3    18    21
    18  CT    -4.964998    4.006751   -2.513893    28    17    19    22    23
    19  C     -4.171588    3.198177   -1.445250    29    18    20    36
    20  O     -3.405006    2.275303   -1.804115    31    19
    21  H     -6.889894    4.952404   -2.419832    30    17
    22  H1    -4.789042    3.484803   -3.472127    32    18
    23  CT    -4.439178    5.473574   -2.680197    33    18    24    27    28
    24  CT    -4.810898    6.500314   -1.535477    35    23    25    26    29
    25  CT    -3.645126    6.858292   -0.650565    37    24    30    31    32
    26  CT    -5.398476    7.800327   -2.156071    39    24    33    34    35
    27  HC    -3.349648    5.438372   -2.740682    34    23
    28  HC    -4.857028    5.840553   -3.650873    34    23
    29  HC    -5.628333    6.068705   -0.899403    36    24
    30  HC    -3.235780    5.983608   -0.182692    38    25
    31  HC    -2.875676    7.355641   -1.197235    38    25
    32  HC    -3.932362    7.538368    0.130165    38    25
    33  HC    -4.636153    8.264894   -2.836098    40    26
    34  HC    -6.321059    7.588933   -2.749015    40    26
    35  HC    -5.652427    8.520917   -1.343668    40    26
    36  N     -4.353448    3.464110   -0.107182   122    19    37    40
    37  CT    -3.741861    2.753139    0.981766   123    36    38    41    42
    38  C     -4.104880    1.319308    1.071412   124    37    39    57
    39  O     -3.313515    0.411650    1.451876   126    38
    40  H     -4.978621    4.288001    0.103728   125    36
    41  H1    -2.692933    2.791714    0.800498   127    37
    42  CT    -3.958875    3.473262    2.232134   128    37    43    50    51
    43  CA    -2.840203    3.385595    3.305543   130    42    44    45
    44  CA    -1.826107    4.391620    3.336215   131    43    46    52
    45  CA    -2.773803    2.260567    4.181530   131    43    47    53
    46  CA    -0.723484    4.243649    4.225613   133    44    48    54
    47  CA    -1.671890    2.124013    5.068011   133    45    48    55
    48  C     -0.642035    3.114334    5.074089   135    46    47    49
    49  OH     0.446857    2.928961    5.918680   136    48    56
    50  HC    -4.158104    4.575308    2.090371   129    42
    51  HC    -4.925764    3.147857    2.768436   129    42
    52  HA    -1.881881    5.266955    2.700167   132    44
    53  HA    -3.555858    1.490278    4.144943   132    45
    54  HA     0.049628    5.031030    4.242065   134    46
    55  HA    -1.588334    1.263108    5.743173   134    47
    56  HO     1.218020    3.465822    5.616167   137    49
    57  N     -5.377035    0.937478    0.686860    41    38    58    61
    58  CT    -5.942692   -0.453739    0.626140    42    57    59    62    63
    59  C     -5.132727   -1.243447   -0.444662    43    58    60    76
    60  O     -4.669918   -2.372574   -0.190004    45    59
    61  H     -5.944424    1.669413    0.270226    44    57
    62  H1    -5.701201   -0.942741    1.592164    46    58
    63  CT    -7.454216   -0.443214    0.395460    47    58    64    65    67
    64  CT    -8.229613    0.500717    1.188394    49    63    66    68    69
    65  CT    -8.007782   -1.811470    0.493930    51    63    70    71    72
    66  CT    -8.100585    0.476820    2.668517    53    64    73    74    75
    67  HC    -7.591727   -0.207808   -0.590031    48    63
    68  HC    -7.980530    1.521606    0.933290    50    64
    69  HC    -9.252820    0.478313    0.999062    50    64
    70  HC    -7.580097   -2.596810   -0.196946    52    65
    71  HC    -7.844821   -2.291299    1.533184    52    65
    72  HC    -9.137175   -1.887191    0.348571    52    65
    73  HC    -8.341511   -0.500918    3.111803    54    66
    74  HC    -7.059627    0.637472    3.036486    54    66
    75  HC    -8.682209    1.154554    3.269932    54    66
    76  N     -4.939324   -0.653241   -1.675823   244    59    77    80
    77  CT    -4.170377   -1.162897   -2.752935   245    76    78    81    82
    78  C     -2.714842   -1.353408   -2.397010   246    77    79    93
    79  O     -1.997880   -2.278646   -2.895215   248    78
    80  H     -5.393037    0.310694   -1.767651   247    76
    81  H1    -4.528633   -2.146174   -2.924763   249    77
    82  CT    -4.343869   -0.450956   -4.000990   250    77    83    87    88
    83  CT    -4.339196   -1.148664   -5.236894   252    82    84    89    90
    84  C     -5.579625   -1.883192   -5.661635   254    83    85    86
    85  O     -5.871196   -3.089586   -5.341902   255    84
    86  N     -6.625772   -1.174027   -6.185259   256    84    91    92
    87  HC    -5.239764    0.166743   -3.990192   251    82
    88  HC    -3.590813    0.353141   -4.088073   251    82
    89  HC    -4.044690   -0.656912   -6.138814   253    83
    90  HC    -3.548532   -1.922602   -5.248465   253    83
    91  H     -6.480659   -0.215307   -6.455716   257    86
    92  H     -7.526777   -1.693276   -6.261395   257    86
    93  N     -2.098742   -0.477786   -1.536537   138    78    94    97
    94  CT    -0.722234   -0.643350   -1.006004   139    93    95    98    99
    95  C     -0.631688   -1.777079    0.039783   140    94    96   117
    96  O      0.302793   -2.602458    0.000207   142    95
    97  H     -2.643231    0.329430   -1.250709   141    93
    98  H1    -0.053994   -0.943985   -1.840469   143    94
    99  CT    -0.221598    0.697699   -0.426335   144    94   100   109   110
   100  C*     1.145599    0.660685    0.184157   146    99   101   102
   101  CW     2.340288    0.663937   -0.506084   147   100   103   111
   102  CB     1.515969    0.583092    1.617443   149   100   104   105
   103  NA     3.398969    0.561788    0.398124   150   101   104   112
   104  CN     2.955358    0.519314    1.714653   152   102   103   106
   105  CA     0.784103    0.557569    2.831295   153   102   107   113
   106  CA     3.637192    0.466218    2.959548   155   104   108   114
   107  CA     1.453326    0.454816    4.078166   157   105   108   115
   108  CA     2.872507    0.440411    4.151788   159   106   107   116
   109  HC    -0.222830    1.437974   -1.248931   145    99
   110  HC    -0.934538    1.052887    0.348079   145    99
   111  H4     2.434444    0.738729   -1.601295   148   101
   112  H      4.409399    0.529326    0.144339   151   103
   113  HA    -0.300706    0.591781    2.797197   154   105
   114  HA     4.738009    0.442070    2.985670   156   106
   115  HA     0.873789    0.437795    5.020077   158   107
   116  HA     3.376196    0.408030    5.135566   160   108
   117  N     -1.605432   -1.904040    1.015326    27    95   118   121
   118  CT    -1.661115   -2.955004    1.982517    28   117   119   122   123
   119  C     -1.836273   -4.311578    1.385488    29   118   120   136
   120  O     -1.158793   -5.298560    1.810812    31   119
   121  H     -2.335721   -1.133402    1.006032    30   117
   122  H1    -0.726640   -2.989129    2.437832    32   118
   123  CT    -2.646715   -2.596512    3.070249    33   118   124   127   128
   124  CT    -2.319076   -1.590265    4.137487    35   123   125   126   129
   125  CT    -3.416703   -1.281952    4.984816    37   124   130   131   132
   126  CT    -1.144042   -1.937376    4.893139    39   124   133   134   135
   127  HC    -3.638461   -2.324046    2.575491    34   123
   128  HC    -2.948670   -3.581811    3.619782    34   123
   129  HC    -2.091897   -0.675648    3.618032    36   124
   130  HC    -4.378509   -0.977462    4.513920    38   125
   131  HC    -3.758282   -2.118452    5.625746    38   125
   132  HC    -3.268916   -0.554315    5.787610    38   125
   133  HC    -1.240611   -2.914271    5.426184    40   126
   134  HC    -0.193148   -2.049106    4.367136    40   126
   135  HC    -0.915831   -1.310012    5.753965    40   126
   136  N     -2.782499   -4.532130    0.398288   271   119   137   140
   137  CT    -3.038868   -5.855297   -0.243135   272   136   138   141   142
   138  C     -1.818389   -6.493841   -0.903388   273   137   139   158
   139  O     -1.735256   -7.734860   -1.004952   275   138
   140  H     -3.366760   -3.712704    0.123183   274   136
   141  H1    -3.341364   -6.540402    0.589470   276   137
   142  CT    -4.267016   -5.752426   -1.201773   277   137   143   147   148
   143  CT    -3.974290   -5.094903   -2.591006   279   142   144   149   150
   144  CT    -3.694826   -5.988695   -3.763430   281   143   145   151   152
   145  CT    -3.570581   -5.282166   -5.014463   283   144   146   153   154
   146  N3    -4.556798   -5.515284   -6.031393   285   145   155   156   157
   147  HC    -4.610405   -6.774489   -1.417391   278   142
   148  HC    -5.077500   -5.188254   -0.697970   278   142
   149  HC    -4.832297   -4.434988   -2.814471   280   143
   150  HC    -3.096867   -4.406392   -2.456957   280   143
   151  HC    -2.872763   -6.613872   -3.542794   282   144
   152  HC    -4.464552   -6.719719   -3.823430   282   144
   153  HP    -3.539061   -4.221684   -4.848374   284   145
   154  HP    -2.587799   -5.442288   -5.456134   284   145
   155  H     -4.686656   -6.545061   -6.255264   286   146
   156  H     -5.514132   -5.179585   -5.678538   286   146
   157  H     -4.418847   -5.004747   -6.934171   286   146
   158  N     -0.807157   -5.681930   -1.372502   210   138   159   162
   159  CT     0.476856   -6.051354   -1.868392   211   158   160   163   164
   160  C      1.450999   -6.501610   -0.854468   212   159   161   170
   161  O      2.574841   -7.044915   -1.173593   214   160
   162  H     -1.025666   -4.649676   -1.275072   213   158
   163  H1     0.325597   -6.805848   -2.522228   215   159
   164  CT     1.014434   -4.963328   -2.718507   216   159   165   168   169
   165  C      0.674042   -4.970099   -4.242352   218   164   166   167
   166  O2    -0.546000   -5.108143   -4.551812   219   165
   167  O2     1.641636   -4.898957   -5.061677   219   165
   168  HC     0.646495   -3.959927   -2.330840   217   164
   169  HC     2.136552   -4.885075   -2.664988   217   164
   170  N      1.220786   -6.340647    0.518953     1   160   171   174
   171  CT     2.095859   -6.645606    1.617744     2   170   172   175   176
   172  C      2.645895   -5.472621    2.383204     3   171   173   177
   173  O      3.507594   -5.610002    3.285875     5   172
   174  H      0.265515   -5.959131    0.728806     4   170
   175  H1     1.590375   -7.257411    2.274047     6   171
   176  H1     2.888639   -7.250590    1.324021     6   171
   177  N      2.204256   -4.172467    2.103599     1   172   178   181
   178  CT     2.654956   -2.978271    2.751415     2   177   179   182   183
   179  C      4.152725   -2.812179    2.686459     3   178   180   184
   180  O      4.752286   -2.834198    1.556528     5   179
   181  H      1.489886   -4.111279    1.336465     4   177
   182  H1     2.191383   -2.135095    2.275987     6   178
   183  H1     2.316379   -2.977821    3.697213     6   178
   184  N      4.946693   -2.628813    3.844848    96   179   185   191
   185  CT     6.405929   -2.559506    3.879452    97   184   186   188   189
   186  C      7.076420   -3.668333    3.198082    98   185   187   198
   187  O      8.219612   -3.569072    2.621691    99   186
   188  H1     6.625067   -1.685240    3.304143   100   185
   189  CT     6.729644   -2.316695    5.233734   101   185   190   192   193
   190  CT     5.519437   -1.981896    5.978403   103   189   191   194   195
   191  CT     4.422887   -2.567310    5.238243   105   184   190   196   197
   192  HC     7.176187   -3.220267    5.668257   102   189
   193  HC     7.601193   -1.725198    5.462663   102   189
   194  HC     5.474109   -2.200747    7.014214   104   190
   195  HC     5.392130   -0.909435    6.018403   104   190
   196  H1     4.192242   -3.551075    5.553027   106   191
   197  H1     3.471625   -2.090564    5.280330   106   191
   198  N      6.547242   -4.973979    3.230929    55   186   199   202
   199  CT     7.044703   -6.223609    2.772052    56   198   200   203   204
   200  C      6.975828   -6.393104    1.265893    57   199   201   209
   201  O      7.096280   -7.548992    0.760097    59   200
   202  H      5.562670   -5.003285    3.665818    58   198
   203  H1     7.995904   -6.182405    2.912073    60   199
   204  CT     6.568924   -7.317246    3.520635    61   199   205   206   207
   205  OH     6.767025   -7.279566    4.908608    63   204   208
   206  H1     5.471351   -7.410644    3.433456    62   204
   207  H1     6.809984   -8.313752    3.233128    62   204
   208  HO     7.759826   -7.360721    5.097650    64   205
   209  N      6.697905   -5.330082    0.453994    55   200   210   213
   210  CT     6.403334   -5.372582   -1.013863    56   209   211   214   215
   211  C      7.406647   -4.467840   -1.833143    57   210   212   220
   212  O      7.159856   -4.190643   -3.026143    59   211
   213  H      6.566783   -4.418903    0.944005    58   209
   214  H1     6.624514   -6.407708   -1.354144    60   210
   215  CT     4.952404   -5.045153   -1.255736    61   210   216   217   218
   216  OH     4.475038   -5.728876   -2.297076    63   215   219
   217  H1     4.402202   -5.251282   -0.406468    62   215
   218  H1     4.821799   -4.025892   -1.459116    62   215
   219  HO     3.753322   -6.417043   -1.985537    64   216
   220  N      8.509358   -3.978127   -1.204467     1   211   221   224
   221  CT     9.544323   -3.168974   -1.895314     2   220   222   225   226
   222  C      9.073619   -1.751602   -2.331776     3   221   223   227
   223  O      9.649693   -1.201657   -3.310218     5   222
   224  H      8.671485   -4.255086   -0.218115     4   220
   225  H1    10.420779   -3.031466   -1.208461     6   221
   226  H1     9.885732   -3.722980   -2.803179     6   221
   227  N      8.044590   -1.190642   -1.687987   287   222   228   231
   228  CT     7.334536    0.058337   -2.118756   288   227   229   232   233
   229  C      6.922872    0.915802   -0.849931   289   228   230   251
   230  O      6.272040    0.352071    0.069226   291   229
   231  H      7.654229   -1.705332   -0.867833   290   227
   232  H1     8.106852    0.645900   -2.668207   292   228
   233  CT     6.164293   -0.289594   -3.006820   293   228   234   240   241
   234  CT     5.118867   -1.171127   -2.448142   295   233   235   242   243
   235  CT     3.944033   -1.637802   -3.378341   297   234   236   244   245
   236  N2     4.275115   -2.867394   -4.144216   299   235   237   246
   237  CA     4.884184   -2.985494   -5.328158   301   236   238   239
   238  N2     5.362986   -1.918063   -5.990838   302   237   247   248
   239  N2     5.079976   -4.182337   -5.861617   302   237   249   250
   240  HC     5.728216    0.613131   -3.301885   294   233
   241  HC     6.543172   -0.736094   -3.888712   294   233
   242  HC     5.592822   -2.103133   -2.045238   296   234
   243  HC     4.613703   -0.679785   -1.567125   296   234
   244  H1     3.048282   -1.818002   -2.790652   298   235
   245  H1     3.703959   -0.791700   -4.060883   298   235
   246  H      4.006191   -3.769687   -3.733398   300   236
   247  H      5.220288   -1.007847   -5.590797   303   238
   248  H      5.823095   -2.025037   -6.901660   303   238
   249  H      4.687156   -4.996431   -5.359114   303   239
   250  H      5.594059   -4.300131   -6.739778   303   239
   251  N      7.243199    2.259751   -0.784741    96   229   252   258
   252  CT     6.853027    3.101227    0.336899    97   251   253   255   256
   253  C      5.351623    3.327566    0.390904    98   252   254   265
   254  O      4.620589    3.185767   -0.663627    99   253
   255  H1     7.105479    2.686206    1.163381   100   252
   256  CT     7.604725    4.332203    0.117487   101   252   257   259   260
   257  CT     7.766938    4.451073   -1.452548   103   256   258   261   262
   258  CT     7.860479    3.030047   -1.870542   105   251   257   263   264
   259  HC     7.097544    5.268062    0.495447   102   256
   260  HC     8.659292    4.329387    0.546082   102   256
   261  HC     6.856852    4.948973   -1.879988   104   257
   262  HC     8.627850    5.121745   -1.730704   104   257
   263  H1     7.464203    2.839827   -2.792443   106   258
   264  H1     8.878111    2.779258   -1.972155   106   258
   265  N      4.745331    3.778376    1.537185    96   253   266   272
   266  CT     3.316107    4.082215    1.702808    97   265   267   269   270
   267  C      2.947718    5.345809    0.868043    98   266   268   279
   268  O      3.749249    6.319653    0.818002    99   267
   269  H1     2.743728    3.214591    1.294805   100   266
   270  CT     3.102627    4.243906    3.201870   101   266   271   273   274
   271  CT     4.367188    4.699830    3.697924   103   270   272   275   276
   272  CT     5.406111    4.002599    2.847375   105   265   271   277   278
   273  HC     2.330177    4.912365    3.343829   102   270
   274  HC     2.793089    3.313384    3.597483   102   270
   275  HC     4.525382    5.692749    3.689632   104   271
   276  HC     4.568244    4.489900    4.736034   104   271
   277  H1     6.338578    4.606851    2.688625   106   272
   278  H1     5.729494    3.003229    3.273527   106   272
   279  N      1.702699    5.438189    0.260858    96   267   280   286
   280  CT     1.166998    6.601393   -0.349339    97   279   281   283   284
   281  C      0.768584    7.648994    0.572330    98   280   282   293
   282  O     -0.105867    7.394536    1.506777    99   281
   283  H1     1.884369    7.027716   -0.906273   100   280
   284  CT     0.102135    6.082178   -1.209568   101   280   285   287   288
   285  CT    -0.524106    4.891037   -0.451433   103   284   286   289   290
   286  CT     0.726080    4.298505    0.239235   105   279   285   291   292
   287  HC    -0.704082    6.833329   -1.445460   102   284
   288  HC     0.472326    5.693694   -2.223290   102   284
   289  HC    -1.249078    5.248872    0.295007   104   285
   290  HC    -1.030761    4.141223   -1.093085   104   285
   291  H1     0.477147    3.973870    1.253852   106   286
   292  H1     1.136903    3.476181   -0.367850   106   286
   293  N      1.261752    8.920467    0.592258   531   281   294   297
   294  CT     0.916378   10.171900    1.140012   532   293   295   298   299
   295  C     -0.405281   10.708610    0.743230   533   294   296   304
   296  O2    -0.416085   11.030444   -0.533736   535   295
   297  H      2.007490    9.047897   -0.163850   534   293
   298  H1     0.632765    9.898265    2.130917   536   294
   299  CT     1.890639   11.086288    1.473884    61   294   300   301   302
   300  OH     3.096978   10.660305    1.987304    63   299   303
   301  H1     2.172725   11.431891    0.474199    62   299
   302  H1     1.679925   12.071990    1.835731    62   299
   303  HO     2.815265   10.078753    2.765845    64   300
   304  O2    -1.380715   10.958855    1.519062   535   295
