   304  STRUCTURE AND SIMULATION I
     1  N3    -8.975446    4.151984   -0.576865   454     2     5     6     7
     2  CT    -8.681166    3.137672   -1.656985   455     1     3     8     9
     3  C     -7.172755    2.962824   -1.930091   456     2     4    17
     4  O     -6.687237    1.845664   -1.781968   458     3
     5  H     -8.393539    3.994641    0.260304   457     1
     6  H     -8.816792    5.112069   -0.926909   457     1
     7  H     -9.978781    4.052624   -0.295595   457     1
     8  H1    -9.009330    2.150076   -1.257621   459     2
     9  CT    -9.531772    3.377263   -2.926923   226     2    10    13    14
    10  C    -11.024197    3.118942   -2.633449   228     9    11    12
    11  O    -11.375737    2.682759   -1.519929   229    10
    12  N    -11.924440    3.392438   -3.582293   230    10    15    16
    13  HC    -9.396325    4.415261   -3.265312   227     9
    14  HC    -9.190947    2.682909   -3.722544   227     9
    15  H    -11.690032    3.794013   -4.505467   231    12
    16  H    -12.901991    3.170194   -3.309874   231    12
    17  N     -6.428793    4.042902   -2.261238    27     3    18    21
    18  CT    -4.965070    4.006419   -2.513255    28    17    19    22    23
    19  C     -4.171758    3.197946   -1.444700    29    18    20    36
    20  O     -3.405078    2.275225   -1.803988    31    19
    21  H     -6.889440    4.952639   -2.418806    30    17
    22  H1    -4.789477    3.484454   -3.471628    32    18
    23  CT    -4.438556    5.472866   -2.680219    33    18    24    27    28
    24  CT    -4.810287    6.500149   -1.535680    35    23    25    26    29
    25  CT    -3.644530    6.857899   -0.650678    37    24    30    31    32
    26  CT    -5.397316    7.799862   -2.157326    39    24    33    34    35
    27  HC    -3.349049    5.437448   -2.740543    34    23
    28  HC    -4.856498    5.839646   -3.650870    34    23
    29  HC    -5.627460    6.069042   -0.899242    36    24
    30  HC    -3.235339    5.983237   -0.182519    38    25
    31  HC    -2.875064    7.354500   -1.197768    38    25
    32  HC    -3.931636    7.538090    0.129805    38    25
    33  HC    -4.634653    8.264078   -2.837222    40    26
    34  HC    -6.320031    7.588636   -2.749934    40    26
    35  HC    -5.651601    8.521051   -1.345358    40    26
    36  N     -4.353040    3.463969   -0.106647   122    19    37    40
    37  CT    -3.741664    2.752831    0.982105   123    36    38    41    42
    38  C     -4.104626    1.318915    1.071645   124    37    39    57
    39  O     -3.313132    0.411223    1.451784   126    38
    40  H     -4.978124    4.287976    0.104264   125    36
    41  H1    -2.692615    2.791408    0.800754   127    37
    42  CT    -3.958445    3.472753    2.232511   128    37    43    50    51
    43  CA    -2.839686    3.384605    3.305764   130    42    44    45
    44  CA    -1.826025    4.390881    3.336904   131    43    46    52
    45  CA    -2.773420    2.259271    4.181531   131    43    47    53
    46  CA    -0.723620    4.242630    4.226523   133    44    48    54
    47  CA    -1.671815    2.122566    5.068277   133    45    48    55
    48  C     -0.642008    3.113028    5.074884   135    46    47    49
    49  OH     0.446482    2.927437    5.919570   136    48    56
    50  HC    -4.157552    4.574753    2.090837   129    42
    51  HC    -4.925345    3.147383    2.768968   129    42
    52  HA    -1.881648    5.266224    2.700704   132    44
    53  HA    -3.555410    1.489062    4.144997   132    45
    54  HA     0.049327    5.030258    4.243326   134    46
    55  HA    -1.588267    1.261532    5.743214   134    47
    56  HO     1.217610    3.464472    5.617431   137    49
    57  N     -5.376842    0.937151    0.687325    41    38    58    61
    58  CT    -5.942536   -0.454015    0.626333    42    57    59    62    63
    59  C     -5.132598   -1.243669   -0.444606    43    58    60    76
    60  O     -4.669708   -2.372738   -0.190732    45    59
    61  H     -5.944033    1.669157    0.270922    44    57
    62  H1    -5.700706   -0.943105    1.592275    46    58
    63  CT    -7.454172   -0.443275    0.396169    47    58    64    65    67
    64  CT    -8.229433    0.500786    1.189348    49    63    66    68    69
    65  CT    -8.007326   -1.811626    0.494793    51    63    70    71    72
    66  CT    -8.099925    0.475698    2.669588    53    64    73    74    75
    67  HC    -7.592101   -0.207252   -0.589102    48    63
    68  HC    -7.980417    1.521502    0.934392    50    64
    69  HC    -9.252709    0.478491    1.000257    50    64
    70  HC    -7.579823   -2.596890   -0.196625    52    65
    71  HC    -7.844016   -2.291975    1.533720    52    65
    72  HC    -9.136681   -1.887599    0.350539    52    65
    73  HC    -8.340230   -0.502059    3.112768    54    66
    74  HC    -7.058798    0.636620    3.037323    54    66
    75  HC    -8.680919    1.154075    3.271244    54    66
    76  N     -4.939791   -0.652957   -1.675606   244    59    77    80
    77  CT    -4.170785   -1.162062   -2.753185   245    76    78    81    82
    78  C     -2.715042   -1.352503   -2.397857   246    77    79    93
    79  O     -1.998364   -2.277563   -2.896798   248    78
    80  H     -5.393349    0.310865   -1.767167   247    76
    81  H1    -4.529395   -2.145349   -2.925156   249    77
    82  CT    -4.345626   -0.450489   -4.001217   250    77    83    87    88
    83  CT    -4.342712   -1.147109   -5.237105   252    82    84    89    90
    84  C     -5.583287   -1.882439   -5.660722   254    83    85    86
    85  O     -5.873682   -3.089052   -5.341111   255    84
    86  N     -6.631088   -1.174161   -6.182358   256    84    91    92
    87  HC    -5.241476    0.167480   -3.989995   251    82
    88  HC    -3.591752    0.353269   -4.088465   251    82
    89  HC    -4.049455   -0.656276   -6.139898   253    83
    90  HC    -3.551078   -1.920436   -5.248998   253    83
    91  H     -6.485807   -0.216004   -6.454044   257    86
    92  H     -7.531808   -1.693739   -6.256527   257    86
    93  N     -2.098688   -0.477268   -1.537441   138    78    94    97
    94  CT    -0.722278   -0.642905   -1.006721   139    93    95    98    99
    95  C     -0.631479   -1.776865    0.038806   140    94    96   117
    96  O      0.303041   -2.602038   -0.001235   142    95
    97  H     -2.643374    0.329565   -1.250933   141    93
    98  H1    -0.054032   -0.943181   -1.841271   143    94
    99  CT    -0.221378    0.697710   -0.426568   144    94   100   109   110
   100  C*     1.145991    0.660448    0.184394   146    99   101   102
   101  CW     2.340840    0.663875   -0.505429   147   100   103   111
   102  CB     1.516186    0.582604    1.617741   149   100   104   105
   103  NA     3.399277    0.561773    0.399010   150   101   104   112
   104  CN     2.955569    0.518887    1.715445   152   102   103   106
   105  CA     0.784283    0.556721    2.831497   153   102   107   113
   106  CA     3.637361    0.465275    2.960624   155   104   108   114
   107  CA     1.453221    0.453806    4.078566   157   105   108   115
   108  CA     2.872468    0.439059    4.152423   159   106   107   116
   109  HC    -0.222490    1.438048   -1.248778   145    99
   110  HC    -0.934278    1.052773    0.348049   145    99
   111  H4     2.435269    0.739334   -1.600663   148   101
   112  H      4.409762    0.529415    0.145461   151   103
   113  HA    -0.300552    0.591198    2.797059   154   105
   114  HA     4.738069    0.440810    2.987485   156   106
   115  HA     0.873948    0.436246    5.020533   158   107
   116  HA     3.375884    0.406428    5.136267   160   108
   117  N     -1.605194   -1.904404    1.014247    27    95   118   121
   118  CT    -1.660901   -2.955629    1.980940    28   117   119   122   123
   119  C     -1.835563   -4.311902    1.383249    29   118   120   136
   120  O     -1.158211   -5.298962    1.808170    31   119
   121  H     -2.335440   -1.133687    1.005192    30   117
   122  H1    -0.726424   -2.989773    2.436316    32   118
   123  CT    -2.646227   -2.597558    3.068993    33   118   124   127   128
   124  CT    -2.318915   -1.591709    4.136582    35   123   125   126   129
   125  CT    -3.415989   -1.283839    4.984838    37   124   130   131   132
   126  CT    -1.144083   -1.939023    4.892299    39   124   133   134   135
   127  HC    -3.637889   -2.324830    2.574341    34   123
   128  HC    -2.948358   -3.583092    3.617859    34   123
   129  HC    -2.091595   -0.676779    3.617571    36   124
   130  HC    -4.377492   -0.978535    4.513714    38   125
   131  HC    -3.757546   -2.120782    5.624970    38   125
   132  HC    -3.268219   -0.556225    5.787450    38   125
   133  HC    -1.240485   -2.916296    5.424663    40   126
   134  HC    -0.193199   -2.050617    4.366070    40   126
   135  HC    -0.915427   -1.311805    5.753161    40   126
   136  N     -2.781997   -4.532503    0.396374   271   119   137   140
   137  CT    -3.038172   -5.855409   -0.245742   272   136   138   141   142
   138  C     -1.817813   -6.493338   -0.906483   273   137   139   158
   139  O     -1.734587   -7.734427   -1.008522   275   138
   140  H     -3.366308   -3.712976    0.121577   274   136
   141  H1    -3.340031   -6.541301    0.586744   276   137
   142  CT    -4.266568   -5.752055   -1.203952   277   137   143   147   148
   143  CT    -3.974200   -5.094160   -2.592958   279   142   144   149   150
   144  CT    -3.694667   -5.987154   -3.765877   281   143   145   151   152
   145  CT    -3.571127   -5.280016   -5.016888   283   144   146   153   154
   146  N3    -4.557870   -5.513006   -6.033561   285   145   155   156   157
   147  HC    -4.609899   -6.774172   -1.419980   278   142
   148  HC    -5.077083   -5.188226   -0.699689   278   142
   149  HC    -4.832375   -4.434423   -2.815693   280   143
   150  HC    -3.096735   -4.405416   -2.459074   280   143
   151  HC    -2.872506   -6.612113   -3.545684   282   144
   152  HC    -4.464350   -6.718414   -3.825909   282   144
   153  HP    -3.540026   -4.219770   -4.850112   284   145
   154  HP    -2.588185   -5.439718   -5.458535   284   145
   155  H     -4.687536   -6.542802   -6.257512   286   146
   156  H     -5.515284   -5.178107   -5.680060   286   146
   157  H     -4.421183   -5.001974   -6.936023   286   146
   158  N     -0.806712   -5.681134   -1.375460   210   138   159   162
   159  CT     0.477249   -6.050058   -1.871483   211   158   160   163   164
   160  C      1.451348   -6.500774   -0.857515   212   159   161   170
   161  O      2.575224   -7.043790   -1.176636   214   160
   162  H     -1.025359   -4.648931   -1.277341   213   158
   163  H1     0.326033   -6.804467   -2.525564   215   159
   164  CT     1.014957   -4.961603   -2.720920   216   159   165   168   169
   165  C      0.674291   -4.968080   -4.244794   218   164   166   167
   166  O2    -0.546050   -5.106189   -4.554501   219   165
   167  O2     1.642288   -4.895523   -5.063725   219   165
   168  HC     0.646731   -3.958453   -2.332839   217   164
   169  HC     2.137030   -4.883398   -2.667255   217   164
   170  N      1.221219   -6.340429    0.515903     1   160   171   174
   171  CT     2.095686   -6.646001    1.614948     2   170   172   175   176
   172  C      2.645676   -5.473382    2.380937     3   171   173   177
   173  O      3.507097   -5.611677    3.284049     5   172
   174  H      0.265925   -5.959031    0.725982     4   170
   175  H1     1.590348   -7.258239    2.271028     6   171
   176  H1     2.888291   -7.250924    1.320940     6   171
   177  N      2.204541   -4.172944    2.101704     1   172   178   181
   178  CT     2.655054   -2.979063    2.750088     2   177   179   182   183
   179  C      4.152715   -2.813330    2.686450     3   178   180   184
   180  O      4.752665   -2.834798    1.556795     5   179
   181  H      1.490155   -4.111516    1.334672     4   177
   182  H1     2.191498   -2.135630    2.275386     6   178
   183  H1     2.316145   -2.979278    3.695800     6   178
   184  N      4.946191   -2.630794    3.845387    96   179   185   191
   185  CT     6.405301   -2.561760    3.880917    97   184   186   188   189
   186  C      7.076261   -3.670298    3.198959    98   185   187   198
   187  O      8.219223   -3.570404    2.622281    99   186
   188  H1     6.624571   -1.686868    3.306552   100   185
   189  CT     6.727840   -2.320733    5.235971   101   185   190   192   193
   190  CT     5.517241   -1.985738    5.979963   103   189   191   194   195
   191  CT     4.421507   -2.570508    5.238600   105   184   190   196   197
   192  HC     7.174119   -3.224426    5.670491   102   189
   193  HC     7.599017   -1.729452    5.466800   102   189
   194  HC     5.470272   -2.204899    7.015834   104   190
   195  HC     5.390160   -0.912733    6.020247   104   190
   196  H1     4.190491   -3.554363    5.552583   106   191
   197  H1     3.470535   -2.092950    5.279874   106   191
   198  N      6.546817   -4.975835    3.230562    55   186   199   202
   199  CT     7.044541   -6.225085    2.770767    56   198   200   203   204
   200  C      6.975407   -6.393945    1.264252    57   199   201   209
   201  O      7.095914   -7.549425    0.757574    59   200
   202  H      5.562113   -5.005542    3.665130    58   198
   203  H1     7.995806   -6.184341    2.909535    60   199
   204  CT     6.568212   -7.319130    3.518316    61   199   205   206   207
   205  OH     6.769437   -7.283035    4.905693    63   204   208
   206  H1     5.470768   -7.412421    3.431360    62   204
   207  H1     6.808089   -8.315821    3.229973    62   204
   208  HO     7.762425   -7.365163    5.093477    64   205
   209  N      6.697605   -5.330154    0.453133    55   200   210   213
   210  CT     6.403228   -5.372335   -1.014852    56   209   211   214   215
   211  C      7.406860   -4.467150   -1.833441    57   210   212   220
   212  O      7.160710   -4.189417   -3.026397    59   211
   213  H      6.566677   -4.419377    0.943744    58   209
   214  H1     6.624462   -6.407065   -1.355965    60   210
   215  CT     4.952460   -5.044247   -1.257057    61   210   216   217   218
   216  OH     4.475340   -5.727405   -2.299127    63   215   219
   217  H1     4.402504   -5.250722   -0.408068    62   215
   218  H1     4.822053   -4.025149   -1.460145    62   215
   219  HO     3.753706   -6.415858   -1.988207    64   216
   220  N      8.509787   -3.978372   -1.204149     1   211   221   224
   221  CT     9.544881   -3.169332   -1.894351     2   220   222   225   226
   222  C      9.074797   -1.750976   -2.328938     3   221   223   227
   223  O      9.651724   -1.200612   -3.306862     5   222
   224  H      8.671463   -4.255535   -0.217756     4   220
   225  H1    10.421518   -3.032507   -1.207546     6   221
   226  H1     9.886367   -3.722732   -2.802611     6   221
   227  N      8.045479   -1.190354   -1.685674   287   222   228   231
   228  CT     7.335926    0.058811   -2.116281   288   227   229   232   233
   229  C      6.923829    0.915666   -0.847044   289   228   230   251
   230  O      6.272587    0.351737    0.071460   291   229
   231  H      7.654814   -1.705540   -0.866057   290   227
   232  H1     8.108586    0.646457   -2.664943   292   228
   233  CT     6.166019   -0.288704   -3.005005   293   228   234   240   241
   234  CT     5.120003   -1.169992   -2.447405   295   233   235   242   243
   235  CT     3.945506   -1.635649   -3.378617   297   234   236   244   245
   236  N2     4.276397   -2.864942   -4.144774   299   235   237   246
   237  CA     4.885651   -2.982692   -5.328583   301   236   238   239
   238  N2     5.365343   -1.915330   -5.990732   302   237   247   248
   239  N2     5.081177   -4.179252   -5.862657   302   237   249   250
   240  HC     5.729967    0.614130   -3.299833   294   233
   241  HC     6.545150   -0.734620   -3.887057   294   233
   242  HC     5.593626   -2.102328   -2.044898   296   234
   243  HC     4.614455   -0.679055   -1.566278   296   234
   244  H1     3.049494   -1.816171   -2.791141   298   235
   245  H1     3.706167   -0.789075   -4.060725   298   235
   246  H      4.006524   -3.767258   -3.734691   300   236
   247  H      5.222976   -1.005337   -5.590045   303   238
   248  H      5.829044   -2.022644   -6.900146   303   238
   249  H      4.687936   -4.993625   -5.360712   303   239
   250  H      5.595660   -4.297439   -6.740398   303   239
   251  N      7.243961    2.259803   -0.781585    96   229   252   258
   252  CT     6.853482    3.100816    0.340270    97   251   253   255   256
   253  C      5.351915    3.327476    0.393402    98   252   254   265
   254  O      4.621152    3.185511   -0.661237    99   253
   255  H1     7.105630    2.685509    1.166579   100   252
   256  CT     7.604412    4.332234    0.120457   101   252   257   259   260
   257  CT     7.766643    4.451519   -1.449536   103   256   258   261   262
   258  CT     7.860468    3.030559   -1.867428   105   251   257   263   264
   259  HC     7.097446    5.267959    0.498854   102   256
   260  HC     8.658994    4.329616    0.549185   102   256
   261  HC     6.856027    4.949277   -1.876668   104   257
   262  HC     8.626916    5.122707   -1.727722   104   257
   263  H1     7.465274    2.840593   -2.789714   106   258
   264  H1     8.878221    2.780132   -1.969464   106   258
   265  N      4.745270    3.777866    1.539694    96   253   266   272
   266  CT     3.315873    4.081789    1.704599    97   265   267   269   270
   267  C      2.947677    5.345406    0.869620    98   266   268   279
   268  O      3.749073    6.319508    0.819600    99   267
   269  H1     2.743732    3.214257    1.296251   100   266
   270  CT     3.102341    4.243438    3.203429   101   266   271   273   274
   271  CT     4.366524    4.699522    3.700155   103   270   272   275   276
   272  CT     5.405477    4.001743    2.850259   105   265   271   277   278
   273  HC     2.329800    4.911952    3.345078   102   270
   274  HC     2.792781    3.312518    3.598787   102   270
   275  HC     4.524304    5.693124    3.691501   104   271
   276  HC     4.567696    4.488638    4.737823   104   271
   277  H1     6.338116    4.606245    2.691625   106   272
   278  H1     5.728880    3.002374    3.276392   106   272
   279  N      1.703034    5.437939    0.261969    96   267   280   286
   280  CT     1.167529    6.600916   -0.349150    97   279   281   283   284
   281  C      0.768747    7.648434    0.572414    98   280   282   293
   282  O     -0.105731    7.394144    1.506824    99   281
   283  H1     1.885019    7.026916   -0.906254   100   280
   284  CT     0.102878    6.081481   -1.209343   101   280   285   287   288
   285  CT    -0.523642    4.890648   -0.450884   103   284   286   289   290
   286  CT     0.726398    4.298298    0.240228   105   279   285   291   292
   287  HC    -0.703379    6.832212   -1.446111   102   284
   288  HC     0.473439    5.692764   -2.222971   102   284
   289  HC    -1.248665    5.248539    0.295088   104   285
   290  HC    -1.030262    4.140754   -1.092642   104   285
   291  H1     0.477275    3.973681    1.254709   106   286
   292  H1     1.137379    3.475811   -0.366923   106   286
   293  N      1.261737    8.920290    0.591368   531   281   294   297
   294  CT     0.914535   10.172014    1.137101   532   293   295   298   299
   295  C     -0.408091   10.707210    0.741196   533   294   296   304
   296  O2    -0.418142   11.029621   -0.535759   535   295
   297  H      2.006341    9.048539   -0.165643   534   293
   298  H1     0.631227    9.898832    2.128680   536   294
   299  CT     1.887997   11.086924    1.472424    61   294   300   301   302
   300  OH     3.095489   10.662195    1.983990    63   299   303
   301  H1     2.169336   11.432909    0.472218    62   299
   302  H1     1.676438   12.072941    1.832979    62   299
   303  HO     2.814289   10.080690    2.762930    64   300
   304  O2    -1.383355   10.956530    1.517674   535   295
