   304  STRUCTURE AND SIMULATION I
     1  N3    -8.918918    4.156675   -0.035076   454     2     5     6     7
     2  CT    -8.640168    3.476285    1.137047   455     1     3     8     9
     3  C     -7.159962    3.302962    1.393404   456     2     4    17
     4  O     -6.643204    2.180582    1.509345   458     3
     5  H     -8.390725    3.907982   -0.888573   457     1
     6  H     -8.791617    5.192367    0.047626   457     1
     7  H     -9.908212    4.121690   -0.340394   457     1
     8  H1    -8.917777    2.471239    0.961637   459     2
     9  CT    -9.460102    3.845578    2.249279   226     2    10    13    14
    10  C    -10.911249    3.624272    2.185563   228     9    11    12
    11  O    -11.343139    2.965253    1.178000   229    10
    12  N    -11.832049    4.095833    3.045706   230    10    15    16
    13  HC    -9.245403    4.849770    2.559835   227     9
    14  HC    -9.097932    3.580914    3.231160   227     9
    15  H    -11.554571    4.674563    3.857664   231    12
    16  H    -12.812957    3.862057    2.825845   231    12
    17  N     -6.320371    4.415072    1.567535    27     3    18    21
    18  CT    -4.882947    4.475415    1.702864    28    17    19    22    23
    19  C     -4.165310    3.445939    0.869648    29    18    20    36
    20  O     -3.368926    2.588222    1.349797    31    19
    21  H     -6.837748    5.346504    1.540896    30    17
    22  H1    -4.717877    4.130117    2.654328    32    18
    23  CT    -4.479289    5.851889    1.500449    33    18    24    27    28
    24  CT    -4.767986    6.694765    0.349055    35    23    25    26    29
    25  CT    -3.704679    6.841721   -0.684993    37    24    30    31    32
    26  CT    -5.409161    7.952190    0.506274    39    24    33    34    35
    27  HC    -3.389298    5.904883    1.620528    34    23
    28  HC    -4.718200    6.441060    2.415991    34    23
    29  HC    -5.537081    6.166023   -0.180237    36    24
    30  HC    -3.245829    5.871607   -1.008604    38    25
    31  HC    -2.857975    7.475843   -0.250117    38    25
    32  HC    -3.986109    7.354177   -1.643458    38    25
    33  HC    -4.710139    8.648222    1.070760    40    26
    34  HC    -6.270129    7.999695    1.224688    40    26
    35  HC    -5.669495    8.609135   -0.297336    40    26
    36  N     -4.378782    3.429933   -0.500787   122    19    37    40
    37  CT    -3.749747    2.528412   -1.474707   123    36    38    41    42
    38  C     -4.150514    1.044986   -1.238523   124    37    39    57
    39  O     -3.342778    0.121937   -1.463738   126    38
    40  H     -4.988094    4.173551   -0.889979   125    36
    41  H1    -2.639409    2.574694   -1.292157   127    37
    42  CT    -4.033782    2.982293   -2.887256   128    37    43    50    51
    43  CA    -2.946624    2.673036   -3.863639   130    42    44    45
    44  CA    -1.907732    3.638407   -4.136071   131    43    46    52
    45  CA    -2.855301    1.375211   -4.494867   131    43    47    53
    46  CA    -0.819472    3.304509   -4.988153   133    44    48    54
    47  CA    -1.772991    1.057910   -5.358242   133    45    48    55
    48  C     -0.745918    2.034695   -5.593518   135    46    47    49
    49  OH     0.325560    1.686999   -6.399325   136    48    56
    50  HC    -4.201443    4.003179   -2.892885   129    42
    51  HC    -4.954845    2.562800   -3.225531   129    42
    52  HA    -1.954578    4.622097   -3.682457   132    44
    53  HA    -3.634200    0.626323   -4.293076   132    45
    54  HA    -0.048450    4.072889   -5.179232   134    46
    55  HA    -1.707373    0.077378   -5.845166   134    47
    56  HO     1.100680    2.268453   -6.215740   137    49
    57  N     -5.408994    0.746318   -0.761852    41    38    58    61
    58  CT    -5.902646   -0.555551   -0.408107    42    57    59    62    63
    59  C     -5.124560   -1.084997    0.753098    43    58    60    76
    60  O     -4.655012   -2.260291    0.768200    45    59
    61  H     -5.951866    1.592956   -0.524739    44    57
    62  H1    -5.731034   -1.165259   -1.185476    46    58
    63  CT    -7.388812   -0.534846   -0.138843    47    58    64    65    67
    64  CT    -8.302846    0.316257   -1.140835    49    63    66    68    69
    65  CT    -8.031939   -1.929460    0.041058    51    63    70    71    72
    66  CT    -8.142929   -0.111100   -2.622119    53    64    73    74    75
    67  HC    -7.613705   -0.029541    0.869826    48    63
    68  HC    -7.978264    1.360377   -1.074276    50    64
    69  HC    -9.353469    0.247527   -0.860911    50    64
    70  HC    -7.564062   -2.485222    0.826192    52    65
    71  HC    -7.860417   -2.522492   -0.829578    52    65
    72  HC    -9.085041   -1.905423    0.220957    52    65
    73  HC    -8.429546   -1.190284   -2.751922    54    66
    74  HC    -7.092347    0.022214   -2.967236    54    66
    75  HC    -8.796664    0.522995   -3.255771    54    66
    76  N     -4.907583   -0.261767    1.841400   244    59    77    80
    77  CT    -4.105090   -0.597095    3.014929   245    76    78    81    82
    78  C     -2.608148   -0.832410    2.670333   246    77    79    93
    79  O     -1.934488   -1.636165    3.330629   248    78
    80  H     -5.341439    0.689038    1.785019   247    76
    81  H1    -4.508208   -1.546933    3.417526   249    77
    82  CT    -4.242297    0.498494    4.107667   250    77    83    87    88
    83  CT    -4.174435   -0.085983    5.535960   252    82    84    89    90
    84  C     -5.521279   -0.710612    5.986564   254    83    85    86
    85  O     -5.727874   -1.932866    5.986370   255    84
    86  N     -6.448851    0.130892    6.454053   256    84    91    92
    87  HC    -5.217684    1.002289    3.981963   251    82
    88  HC    -3.424327    1.246697    3.991779   251    82
    89  HC    -3.897145    0.716495    6.238880   253    83
    90  HC    -3.364096   -0.854700    5.601373   253    83
    91  H     -6.348157    1.136394    6.454183   257    86
    92  H     -7.323958   -0.336068    6.777606   257    86
    93  N     -2.018807   -0.152323    1.632651   138    78    94    97
    94  CT    -0.707337   -0.405228    1.075859   139    93    95    98    99
    95  C     -0.625804   -1.724237    0.346125   140    94    96   117
    96  O      0.305731   -2.567982    0.501457   142    95
    97  H     -2.617292    0.581921    1.215171   141    93
    98  H1    -0.069722   -0.573403    1.869333   143    94
    99  CT    -0.212702    0.718840    0.297533   144    94   100   109   110
   100  C*     1.114842    0.609023   -0.346416   146    99   101   102
   101  CW     2.346063    0.753801    0.291337   147   100   103   111
   102  CB     1.490538    0.228099   -1.751578   149   100   104   105
   103  NA     3.384533    0.462912   -0.590225   150   101   104   112
   104  CN     2.922485    0.161358   -1.859891   152   102   103   106
   105  CA     0.728152   -0.054494   -2.917958   153   102   107   113
   106  CA     3.578169   -0.156634   -3.068647   155   104   108   114
   107  CA     1.369995   -0.378470   -4.133317   157   105   108   115
   108  CA     2.792176   -0.424642   -4.222924   159   106   107   116
   109  HC    -0.197177    1.604990    0.841604   145    99
   110  HC    -0.915507    0.971641   -0.515311   145    99
   111  H4     2.447936    1.040683    1.358448   148   101
   112  H      4.392923    0.490600   -0.354938   151   103
   113  HA    -0.362923    0.020613   -2.877360   154   105
   114  HA     4.677503   -0.189215   -3.101141   156   106
   115  HA     0.772256   -0.606639   -5.037614   158   107
   116  HA     3.279426   -0.664088   -5.186437   160   108
   117  N     -1.624931   -2.040514   -0.562734    27    95   118   121
   118  CT    -1.718572   -3.298902   -1.352823    28   117   119   122   123
   119  C     -1.875157   -4.535694   -0.441160    29   118   120   136
   120  O     -1.172576   -5.540616   -0.663508    31   119
   121  H     -2.357687   -1.311149   -0.726950    30   117
   122  H1    -0.703643   -3.438626   -1.821943    32   118
   123  CT    -2.771757   -3.191348   -2.430664    33   118   124   127   128
   124  CT    -2.422545   -2.395761   -3.643319    35   123   125   126   129
   125  CT    -3.620236   -2.295841   -4.637635    37   124   130   131   132
   126  CT    -1.199114   -2.967704   -4.450537    39   124   133   134   135
   127  HC    -3.654053   -2.798861   -1.998339    34   123
   128  HC    -3.039009   -4.164827   -2.731664    34   123
   129  HC    -2.142985   -1.334403   -3.364439    36   124
   130  HC    -4.493969   -1.845398   -4.118532    38   125
   131  HC    -3.892243   -3.313983   -4.988320    38   125
   132  HC    -3.367709   -1.679681   -5.521496    38   125
   133  HC    -1.384192   -4.037924   -4.693799    40   126
   134  HC    -0.270961   -2.885146   -3.853174    40   126
   135  HC    -1.047463   -2.420021   -5.401270    40   126
   136  N     -2.790362   -4.539158    0.595743   271   119   137   140
   137  CT    -3.069893   -5.646422    1.497209   272   136   138   141   142
   138  C     -1.834058   -6.163239    2.191686   273   137   139   158
   139  O     -1.717148   -7.372378    2.571335   275   138
   140  H     -3.343339   -3.627197    0.692142   274   136
   141  H1    -3.274679   -6.426574    0.895559   276   137
   142  CT    -4.132770   -5.327250    2.410661   277   137   143   147   148
   143  CT    -3.942779   -4.463418    3.606657   279   142   144   149   150
   144  CT    -3.656253   -5.125105    4.920816   281   143   145   151   152
   145  CT    -3.442047   -4.134731    6.102347   283   144   146   153   154
   146  N3    -4.470943   -4.212254    7.140715   285   145   155   156   157
   147  HC    -4.605970   -6.221860    2.789318   278   142
   148  HC    -5.030369   -4.957438    1.866611   278   142
   149  HC    -4.669198   -3.743124    3.750986   280   143
   150  HC    -3.092928   -3.827358    3.362553   280   143
   151  HC    -2.754193   -5.794786    4.866527   282   144
   152  HC    -4.503775   -5.839194    5.184363   282   144
   153  HP    -3.421600   -3.124691    5.652451   284   145
   154  HP    -2.409145   -4.290991    6.530007   284   145
   155  H     -4.562420   -5.141909    7.515304   286   146
   156  H     -5.353276   -3.924206    6.732650   286   146
   157  H     -4.310073   -3.562295    7.882722   286   146
   158  N     -0.812934   -5.287870    2.460893   210   138   159   162
   159  CT     0.519005   -5.534743    3.065930   211   158   160   163   164
   160  C      1.504504   -6.241528    2.082902   212   159   161   170
   161  O      2.593384   -6.692837    2.531003   214   160
   162  H     -0.987776   -4.294078    2.208361   213   158
   163  H1     0.362596   -6.300913    3.905463   215   159
   164  CT     1.075564   -4.261306    3.639690   216   159   165   168   169
   165  C      0.766886   -3.987313    5.048015   218   164   166   167
   166  O2    -0.457644   -4.089831    5.480508   219   165
   167  O2     1.731599   -3.773685    5.903827   219   165
   168  HC     0.700908   -3.459889    3.075036   217   164
   169  HC     2.134416   -4.261990    3.555734   217   164
   170  N      1.187776   -6.330404    0.762156     1   160   171   174
   171  CT     2.060499   -6.874440   -0.305083     2   170   172   175   176
   172  C      2.627153   -5.838601   -1.303379     3   171   173   177
   173  O      3.496750   -6.193941   -2.129084     5   172
   174  H      0.252581   -5.988321    0.479288     4   170
   175  H1     1.471929   -7.623065   -0.875226     6   171
   176  H1     2.918395   -7.427052    0.149541     6   171
   177  N      2.176882   -4.551792   -1.239960     1   172   178   181
   178  CT     2.592496   -3.490326   -2.179412     2   177   179   182   183
   179  C      4.150520   -3.318931   -2.148844     3   178   180   184
   180  O      4.732851   -3.109298   -1.056343     5   179
   181  H      1.476880   -4.310528   -0.511991     4   177
   182  H1     2.143085   -2.534995   -1.842729     6   178
   183  H1     2.234617   -3.731067   -3.168009     6   178
   184  N      4.859379   -3.399118   -3.319114    96   179   185   191
   185  CT     6.341042   -3.275636   -3.369355    97   184   186   188   189
   186  C      7.077155   -4.319792   -2.506102    98   185   187   198
   187  O      8.192192   -4.049549   -1.995673    99   186
   188  H1     6.624350   -2.252314   -3.024380   100   185
   189  CT     6.729642   -3.421713   -4.869603   101   185   190   192   193
   190  CT     5.424239   -3.114581   -5.642156   103   189   191   194   195
   191  CT     4.325506   -3.628190   -4.684418   105   184   190   196   197
   192  HC     7.085281   -4.439918   -5.071916   102   189
   193  HC     7.532264   -2.703231   -5.152736   102   189
   194  HC     5.383559   -3.693320   -6.579744   104   190
   195  HC     5.316675   -2.036382   -5.797806   104   190
   196  H1     4.128824   -4.695830   -4.827677   106   191
   197  H1     3.378773   -3.076165   -4.862955   106   191
   198  N      6.492496   -5.530861   -2.304404    55   186   199   202
   199  CT     7.110297   -6.657410   -1.551055    56   198   200   203   204
   200  C      6.956741   -6.548543   -0.012973    57   199   201   209
   201  O      7.074132   -7.563072    0.705110    59   200
   202  H      5.533553   -5.687802   -2.692052    58   198
   203  H1     8.174838   -6.666851   -1.767652    60   199
   204  CT     6.490104   -8.002118   -2.070635    61   199   205   206   207
   205  OH     6.773721   -8.167905   -3.469703    63   204   208
   206  H1     5.402068   -7.984430   -1.926371    62   204
   207  H1     6.934317   -8.850362   -1.495147    62   204
   208  HO     7.758516   -8.319868   -3.561341    64   205
   209  N      6.669701   -5.325631    0.554123    55   200   210   213
   210  CT     6.465896   -5.041404    1.949527    56   209   211   214   215
   211  C      7.396185   -4.036073    2.545653    57   210   212   220
   212  O      7.192170   -3.482690    3.680346    59   211
   213  H      6.535532   -4.546590   -0.161848    58   209
   214  H1     6.626528   -5.847566    2.433914    60   210
   215  CT     5.009225   -4.716489    2.166603    61   210   216   217   218
   216  OH     4.512448   -5.210585    3.406728    63   215   219
   217  H1     4.383247   -5.097980    1.353516    62   215
   218  H1     4.826840   -3.621993    2.138655    62   215
   219  HO     3.778697   -5.881539    3.173624    64   216
   220  N      8.535490   -3.629895    1.842906     1   211   221   224
   221  CT     9.541137   -2.701223    2.292026     2   220   222   225   226
   222  C      9.092275   -1.284441    2.472309     3   221   223   227
   223  O      9.638411   -0.515849    3.342013     5   222
   224  H      8.653070   -4.112900    0.916235     4   220
   225  H1    10.380996   -2.747598    1.681198     6   221
   226  H1     9.949599   -3.051428    3.189357     6   221
   227  N      8.028714   -0.786663    1.762936   287   222   228   231
   228  CT     7.339468    0.458166    1.843932   288   227   229   232   233
   229  C      6.943906    1.063221    0.538916   289   228   230   251
   230  O      6.275124    0.328258   -0.277370   291   229
   231  H      7.656863   -1.496845    1.048070   290   227
   232  H1     8.045005    1.066184    2.192552   292   228
   233  CT     6.215673    0.303794    2.829712   293   228   234   240   241
   234  CT     5.085351   -0.682982    2.521169   295   233   235   242   243
   235  CT     4.056556   -0.962406    3.478253   297   234   236   244   245
   236  N2     4.311187   -1.940925    4.523927   299   235   237   246
   237  CA     4.976132   -1.830646    5.707673   301   236   238   239
   238  N2     5.392406   -0.621712    6.137249   302   237   247   248
   239  N2     5.181812   -2.886993    6.474887   302   237   249   250
   240  HC     5.725732    1.318721    2.995490   294   233
   241  HC     6.638116    0.058933    3.864757   294   233
   242  HC     5.577936   -1.615242    2.315283   296   234
   243  HC     4.645571   -0.367877    1.591497   296   234
   244  H1     3.109773   -1.195670    3.047036   298   235
   245  H1     3.737872   -0.047894    3.976418   298   235
   246  H      4.048331   -2.937076    4.350085   300   236
   247  H      5.232194    0.175380    5.547498   303   238
   248  H      5.974716   -0.564455    6.993919   303   238
   249  H      4.773815   -3.783574    6.170445   303   239
   250  H      5.675873   -2.798995    7.370169   303   239
   251  N      7.205259    2.337792    0.187444    96   229   252   258
   252  CT     6.831066    2.990126   -1.097917    97   251   253   255   256
   253  C      5.272880    3.211868   -1.143399    98   252   254   265
   254  O      4.607922    3.255558   -0.081820    99   253
   255  H1     7.134591    2.337618   -1.927251   100   252
   256  CT     7.548975    4.333384   -1.066372   101   252   257   259   260
   257  CT     7.769560    4.648788    0.285647   103   256   258   261   262
   258  CT     7.909858    3.347300    1.040789   105   251   257   263   264
   259  HC     7.085765    5.013296   -1.697167   102   256
   260  HC     8.503856    4.218278   -1.562357   102   256
   261  HC     6.938092    5.200441    0.687764   104   257
   262  HC     8.483479    5.356204    0.600496   104   257
   263  H1     7.449375    3.339255    2.051204   106   258
   264  H1     8.993105    3.053839    1.124718   106   258
   265  N      4.657985    3.368191   -2.399385    96   253   266   272
   266  CT     3.284410    3.640224   -2.518730    97   265   267   269   270
   267  C      2.892635    4.995583   -2.023409    98   266   268   279
   268  O      3.678411    6.009123   -2.183068    99   267
   269  H1     2.728177    2.917352   -2.033267   100   266
   270  CT     2.999110    3.495756   -3.974065   101   266   271   273   274
   271  CT     4.379524    3.849051   -4.675346   103   270   272   275   276
   272  CT     5.366552    3.349924   -3.679086   105   265   271   277   278
   273  HC     2.228685    4.193897   -4.360037   102   270
   274  HC     2.724098    2.466727   -4.290111   102   270
   275  HC     4.442857    4.921319   -4.848165   104   271
   276  HC     4.448397    3.365539   -5.698645   104   271
   277  H1     6.234931    3.895182   -3.684865   106   272
   278  H1     5.630606    2.342081   -3.916329   106   272
   279  N      1.651272    5.189723   -1.426668    96   267   280   286
   280  CT     1.169447    6.520619   -0.930762    97   279   281   283   284
   281  C      0.698644    7.387315   -2.160843    98   280   282   293
   282  O     -0.182268    6.951000   -2.947304    99   281
   283  H1     1.991414    7.062171   -0.421873   100   280
   284  CT     0.013249    6.112517   -0.050214   101   280   285   287   288
   285  CT    -0.490207    4.896313   -0.542732   103   284   286   289   290
   286  CT     0.658324    4.173150   -1.140964   105   279   285   291   292
   287  HC    -0.677965    6.921385    0.066006   102   284
   288  HC     0.424709    6.014275    0.955308   102   284
   289  HC    -1.246874    5.049410   -1.285185   104   285
   290  HC    -1.021077    4.275514    0.161225   104   285
   291  H1     0.449443    3.634663   -2.021417   106   286
   292  H1     1.092619    3.477960   -0.453776   106   286
   293  N      1.250271    8.613266   -2.286678   531   281   294   297
   294  CT     0.864585    9.660669   -3.256635   532   293   295   298   299
   295  C     -0.424211   10.408441   -2.763598   533   294   296   304
   296  O2    -0.388912   10.895851   -1.583853   535   295
   297  H      1.973417    8.885837   -1.600011   534   293
   298  H1     0.567742    9.188530   -4.223548   536   294
   299  CT     1.989005   10.685227   -3.472774    61   294   300   301   302
   300  OH     3.156664   10.034952   -3.973257    63   299   303
   301  H1     2.223830   11.153362   -2.499840    62   299
   302  H1     1.634228   11.479561   -4.180230    62   299
   303  HO     2.825474    9.386449   -4.658646    64   300
   304  O2    -1.374016   10.518804   -3.608617   535   295
